timestamp,angle_raw_2,angle_interp_2,angle_sg_2,angle_raw_1,angle_interp_1,angle_sg_1,pos_raw_2,pos_interp_2,pos_sg_2,pos_raw_1,pos_interp_1,pos_sg_1
148,-100.0,-100.0,-100.0,42.71031832984831,42.71031832984831,37.33615869092979,-100.0,-100.0,-100.0,576.0,576.0,563.7177708978359
149,-100.0,-100.0,-100.0,30.689653932609403,30.689653932609403,35.235513928721296,-100.0,-100.0,-100.0,561.3,561.3,556.5560776375357
150,-100.0,-100.0,-100.0,30.662525274091905,30.662525274091905,33.113816794140625,-100.0,-100.0,-100.0,546.3,546.3,548.9798809240326
151,-100.0,-100.0,-100.0,29.01632377544258,29.01632377544258,31.268926244365165,-100.0,-100.0,-100.0,534.6315789473684,534.6315789473684,541.2712955465618
152,-100.0,-100.0,-100.0,28.036682203302128,28.036682203302128,29.45987527761326,-100.0,-100.0,-100.0,525.0,525.0,533.8079971421796
153,-100.0,-100.0,-100.0,28.70412534312568,28.70412534312568,28.187944079076864,-100.0,-100.0,-100.0,521.421052631579,521.421052631579,527.074636818293
154,-100.0,-100.0,-100.0,28.888984178219914,28.888984178219914,27.509638360680928,-100.0,-100.0,-100.0,521.8,521.8,521.6332507739967
155,-100.0,-100.0,-100.0,28.148994603413687,28.148994603413687,27.441330169373423,-100.0,-100.0,-100.0,521.55,521.55,517.882345796621
156,-100.0,-100.0,-100.0,28.447844114056576,28.447844114056576,28.310151760034223,-100.0,-100.0,-100.0,519.578947368421,519.578947368421,516.456446773044
157,-100.0,-100.0,-100.0,29.01773433754527,29.01773433754527,28.61829268037109,-100.0,-100.0,-100.0,516.8947368421052,516.8947368421052,515.8260061919533
158,-100.0,-100.0,-100.0,27.67138685595291,27.67138685595291,29.155785362867924,-100.0,-100.0,-100.0,515.2105263157895,515.2105263157895,515.4683996189597
159,-100.0,-100.0,-100.0,30.372241817799537,30.372241817799537,29.672316351609556,-100.0,-100.0,-100.0,514.35,514.35,514.9467039771403
160,-100.0,-100.0,-100.0,30.150408095311587,30.150408095311587,30.349919522586635,-100.0,-100.0,-100.0,513.7,513.7,513.850204810672
161,-100.0,-100.0,-100.0,30.525020032845156,30.525020032845156,31.080042699241147,-100.0,-100.0,-100.0,512.45,512.45,512.8843034055756
162,-100.0,-100.0,-100.0,32.5901161550909,32.5901161550909,31.932504512393443,-100.0,-100.0,-100.0,512.5,512.5,512.3211693260329
163,-100.0,-100.0,-100.0,33.30396983212827,33.30396983212827,32.740507809106525,-100.0,-100.0,-100.0,511.75,511.75,511.89022624434676
164,-100.0,-100.0,-100.0,33.55014924968308,33.55014924968308,33.76337722014258,-100.0,-100.0,-100.0,511.35,511.35,511.09808287687827
165,-100.0,-100.0,-100.0,34.44163384009228,34.44163384009228,34.754239298087775,-100.0,-100.0,-100.0,509.65,509.65,510.1749464158161
166,-100.0,-100.0,-100.0,36.04996244944938,36.04996244944938,35.70957987482652,-100.0,-100.0,-100.0,509.31578947368416,509.31578947368416,509.1551440819271
167,-100.0,-100.0,-100.0,35.44879596071972,35.44879596071972,36.35343374151657,-100.0,-100.0,-100.0,510.5,510.5,507.9129530840704
168,-100.0,-100.0,-100.0,37.14599323978043,37.14599323978043,36.93163852494263,-100.0,-100.0,-100.0,507.29999999999995,507.29999999999995,506.3679852345824
169,-100.0,-100.0,-100.0,38.09888752870915,38.09888752870915,37.45823294218274,-100.0,-100.0,-100.0,503.29999999999995,503.29999999999995,504.50710373218396
170,-100.0,-100.0,-100.0,39.51385230581012,39.51385230581012,38.071121430112086,-100.0,-100.0,-100.0,500.7894736842105,500.7894736842105,502.81396080699767
171,-100.0,-100.0,-100.0,38.48475588072715,38.48475588072715,38.52189701562062,-100.0,-100.0,-100.0,501.9,501.9,501.5812455346538
172,-100.0,-100.0,-100.0,39.49574602241302,39.49574602241302,39.101090641492895,-100.0,-100.0,-100.0,499.7894736842105,499.7894736842105,500.21330180655536
173,-100.0,-100.0,-100.0,36.9744886952494,36.9744886952494,39.81702160541479,-100.0,-100.0,-100.0,496.7368421052631,496.7368421052631,498.3346545095799
174,-100.0,-100.0,-100.0,41.38992560612654,41.38992560612654,40.75033620305866,-100.0,-100.0,-100.0,494.8947368421052,494.8947368421052,496.14979757085297
175,-100.0,-100.0,-100.0,42.01976131534646,42.01976131534646,41.804801144744395,-100.0,-100.0,-100.0,494.5,494.5,493.91611608206307
176,-100.0,-100.0,-100.0,42.49126395298427,42.49126395298427,43.102558844630146,-100.0,-100.0,-100.0,494.57142857142856,494.57142857142856,490.7797924675971
177,-100.0,-100.0,-100.0,43.604508019472654,43.604508019472654,44.587945030673225,-100.0,-100.0,-100.0,491.5,491.5,486.9947633790385
178,-100.0,-100.0,-100.0,47.230331658794114,47.230331658794114,46.318799343304555,-100.0,-100.0,-100.0,482.5,482.5,482.68264824958584
179,-100.0,-100.0,-100.0,48.21027487481385,48.21027487481385,47.998117250846065,-100.0,-100.0,-100.0,477.0,477.0,478.4612084509944
180,-100.0,-100.0,-100.0,49.6376130750725,49.6376130750725,49.670929158493564,-100.0,-100.0,-100.0,473.0,473.0,474.315935767022
181,-100.0,-100.0,-100.0,51.61001403342534,51.61001403342534,50.90289924717292,-100.0,-100.0,-100.0,468.0,468.0,470.0680638247228
182,-100.0,-100.0,-100.0,52.05984110495426,52.05984110495426,51.8197975754936,-100.0,-100.0,-100.0,462.5,462.5,466.193277310927
183,-100.0,-100.0,-100.0,53.01250639564696,53.01250639564696,52.58322621668615,-100.0,-100.0,-100.0,462.5,462.5,462.45740142210985
184,-100.0,-100.0,-100.0,53.807546356721936,53.807546356721936,53.15960765902926,-100.0,-100.0,-100.0,460.0,460.0,459.40723981900703
185,-100.0,-100.0,-100.0,54.35633583682679,54.35633583682679,53.8352283569881,-100.0,-100.0,-100.0,458.0,458.0,456.46832579185775
186,-100.0,-100.0,-100.0,54.303912208603315,54.303912208603315,54.78324238639769,-100.0,-100.0,-100.0,455.5,455.5,453.3081447963826
187,-100.0,-100.0,-100.0,54.54724601239929,54.54724601239929,55.736002605454715,-100.0,-100.0,-100.0,451.5,451.5,450.0458521870311
188,-100.0,-100.0,-100.0,53.291432551506034,53.291432551506034,56.718167216401724,-100.0,-100.0,-100.0,448.5,448.5,446.8192559074937
189,-100.0,-100.0,-100.0,58.13675442381671,58.13675442381671,57.808537314517864,-100.0,-100.0,-100.0,441.5,441.5,443.5022895154142
190,-100.0,-100.0,-100.0,60.0246576523954,60.0246576523954,58.86811955698484,-100.0,-100.0,-100.0,439.0,439.0,439.77575124724683
191,-100.0,-100.0,-100.0,62.190248668978825,62.190248668978825,59.9065214694593,-100.0,-100.0,-100.0,434.0,434.0,436.3883397145865
192,-100.0,-100.0,-100.0,61.56907152321359,61.56907152321359,60.88408019758654,-100.0,-100.0,-100.0,434.0,434.0,433.34976215338446
193,-100.0,-100.0,-100.0,61.59339187568641,61.59339187568641,61.831835847142656,-100.0,-100.0,-100.0,431.5,431.5,430.99468615848946
194,-100.0,-100.0,-100.0,63.20836380778079,61.88771971717391,62.488906582245036,-100.0,-100.0,-100.0,-100.0,429.65811965811963,429.1588583362363
195,-100.0,-100.0,-100.0,63.06565088817924,62.18204755866142,62.84407115133635,-100.0,-100.0,-100.0,-100.0,427.81623931623926,428.02734655992805
196,-100.0,-100.0,-100.0,62.47637540014892,62.47637540014892,62.46865033801285,-100.0,-100.0,-100.0,425.9743589743589,425.9743589743589,427.4150829562617
197,-100.0,-100.0,-100.0,62.859416865989296,62.53961202946924,62.282022630509175,-100.0,-100.0,-100.0,-100.0,426.48290598290595,426.96369648451326
198,-100.0,-100.0,-100.0,62.97618556048062,62.60284865878956,62.07546032775282,-100.0,-100.0,-100.0,-100.0,426.99145299145295,426.853730131108
199,-100.0,-100.0,-100.0,62.66608528810988,62.66608528810988,62.33905393015446,-100.0,-100.0,-100.0,427.5,427.5,426.61776308156635
200,-100.0,-100.0,-100.0,61.496113128901115,61.496113128901115,62.128641919471555,-100.0,-100.0,-100.0,426.5,426.5,426.64584058475697
201,-100.0,-100.0,-100.0,61.33001724177601,61.33001724177601,61.95055162514855,-100.0,-100.0,-100.0,428.0,428.0,426.6956355559999
202,-100.0,-100.0,-100.0,60.792131048073436,60.792131048073436,61.72597164824708,-100.0,-100.0,-100.0,426.5,426.5,427.07518240432506
203,-100.0,-100.0,-100.0,62.302715662434316,62.302715662434316,61.38318703522098,-100.0,-100.0,-100.0,427.5,427.5,426.9134842443178
204,-100.0,-100.0,-100.0,61.84606286502251,61.84606286502251,61.16463819478251,-100.0,-100.0,-100.0,426.5,426.5,426.47458008555947
205,-100.0,-100.0,-100.0,62.289617162475395,62.289617162475395,60.687959563234664,-100.0,-100.0,-100.0,426.0,426.0,426.2444051884971
206,-100.0,-100.0,-100.0,58.28632463893501,58.28632463893501,60.32791503941601,-100.0,-100.0,-100.0,426.0,426.0,426.0890063525669
207,-100.0,-100.0,-100.0,60.92578309100149,60.92578309100149,60.13414773922632,-100.0,-100.0,-100.0,426.5,426.5,426.03241575474226
208,-100.0,-100.0,-100.0,59.68156719036289,59.68156719036289,60.07061246194566,-100.0,-100.0,-100.0,426.97142857142853,426.97142857142853,426.20163188672745
209,-100.0,-100.0,-100.0,59.15560542289015,59.15560542289015,59.9659049962385,-100.0,-100.0,-100.0,423.0,423.0,426.4249158991367
210,-100.0,-100.0,-100.0,59.77315163185948,59.77315163185948,59.68683727098444,-100.0,-100.0,-100.0,426.63157894736844,426.63157894736844,426.6259652709615
211,-100.0,-100.0,-100.0,58.14176016679299,58.14176016679299,59.69213718325918,-100.0,-100.0,-100.0,428.3953488372093,428.3953488372093,426.7162494629737
212,-100.0,-100.0,-100.0,60.74400168876224,60.74400168876224,59.5813276652042,-100.0,-100.0,-100.0,427.5,427.5,427.17444377259
213,-100.0,-100.0,-100.0,60.8302541919767,60.8302541919767,59.71963950748772,-100.0,-100.0,-100.0,428.0,428.0,427.4346880683962
214,-100.0,-100.0,-100.0,60.584224471332334,60.584224471332334,59.32037385685132,-100.0,-100.0,-100.0,429.0,429.0,427.8445844321122
215,-100.0,-100.0,-100.0,58.5209912695221,58.5209912695221,59.170459910783265,-100.0,-100.0,-100.0,426.5,426.5,428.29858430970626
216,-100.0,-100.0,-100.0,58.12770088401834,58.12770088401834,58.94656951356363,-100.0,-100.0,-100.0,427.97142857142853,427.97142857142853,428.7183883608071
217,-100.0,-100.0,-100.0,58.76464248328501,58.76464248328501,58.5013303433349,-100.0,-100.0,-100.0,427.5,427.5,428.4153772930525
218,-100.0,-100.0,-100.0,57.27627316499129,57.27627316499129,58.235447259672235,-100.0,-100.0,-100.0,431.1627906976744,431.1627906976744,428.4586105054982
219,-100.0,-100.0,-100.0,58.268293694926484,58.268293694926484,57.59943120176423,-100.0,-100.0,-100.0,428.1351351351351,428.1351351351351,429.0294347385325
220,-100.0,-100.0,-100.0,56.825467218017806,56.825467218017806,57.11833999226086,-100.0,-100.0,-100.0,430.02222222222224,430.02222222222224,429.33680954273746
221,-100.0,-100.0,-100.0,57.54457350039063,57.54457350039063,56.96661771175774,-100.0,-100.0,-100.0,428.78378378378375,428.78378378378375,429.6963623605144
222,-100.0,-100.0,-100.0,57.08275259482998,57.08275259482998,56.85199560771406,-100.0,-100.0,-100.0,428.47368421052624,428.47368421052624,429.802924651091
223,-100.0,-100.0,-100.0,56.17001575409359,56.17001575409359,56.85695119197005,-100.0,-100.0,-100.0,429.1463414634146,429.1463414634146,429.63605289402386
224,-100.0,-100.0,-100.0,57.130142461902224,57.130142461902224,56.70286578893055,-100.0,-100.0,-100.0,431.6808510638298,431.6808510638298,429.59372193552304
225,-100.0,-100.0,-100.0,55.333792896635785,55.333792896635785,56.61485682032892,-100.0,-100.0,-100.0,431.48936170212767,431.48936170212767,429.0986082723827
226,-100.0,-100.0,-100.0,56.346177737767846,56.346177737767846,57.08418033527395,-100.0,-100.0,-100.0,427.75,427.75,429.34372865611476
227,-100.0,-100.0,-100.0,57.85968155945646,57.85968155945646,56.89898752869735,-100.0,-100.0,-100.0,428.18421052631584,428.18421052631584,429.42681374625147
228,-100.0,-100.0,-100.0,56.293917088064866,56.293917088064866,56.37615118508647,-100.0,-100.0,-100.0,426.3529411764706,426.3529411764706,429.1681345619969
229,-100.0,-100.0,-100.0,57.375816267097306,57.375816267097306,55.89752053494436,-100.0,-100.0,-100.0,428.7567567567568,428.7567567567568,428.48854933715023
230,-100.0,-100.0,-100.0,54.93982452586789,54.93982452586789,55.38634938809942,-100.0,-100.0,-100.0,427.8888888888889,427.8888888888889,426.7120316475738
231,-100.0,-100.0,-100.0,55.859533863306844,55.859533863306844,54.752798845032984,-100.0,-100.0,-100.0,425.7567567567568,425.7567567567568,424.64024770911476
232,-100.0,-100.0,-100.0,56.407882101473625,56.407882101473625,53.55489488856205,-100.0,-100.0,-100.0,427.64102564102564,427.64102564102564,422.3324217610845
233,-100.0,-100.0,-100.0,47.269741070072065,47.269741070072065,52.422039763334716,-100.0,-100.0,-100.0,422.07407407407413,422.07407407407413,420.4435935224564
234,-100.0,-100.0,-100.0,51.229928514330936,51.229928514330936,51.37463724575226,-100.0,-100.0,-100.0,415.5,415.5,418.20019507179006
235,-100.0,-100.0,-100.0,51.58913174019078,51.58913174019078,50.42741243050896,-100.0,-100.0,-100.0,413.5,413.5,415.77562407722337
236,-100.0,-100.0,-100.0,50.408898086740805,50.408898086740805,49.55799533709872,-100.0,-100.0,-100.0,408.5,408.5,413.3099615104163
237,-100.0,-100.0,-100.0,48.470906506258785,48.470906506258785,49.014850795394864,-100.0,-100.0,-100.0,411.5,411.5,411.1384884013866
238,-100.0,-100.0,-100.0,45.71771454524754,45.71771454524754,48.25544773583479,-100.0,-100.0,-100.0,409.83333333333326,409.83333333333326,409.5234546763981
239,-100.0,-100.0,-100.0,50.7146221210571,50.7146221210571,47.97145712897946,-100.0,-100.0,-100.0,412.5,412.5,408.0801240154204
240,-100.0,-100.0,-100.0,47.93848385793308,47.93848385793308,48.2436174658369,-100.0,-100.0,-100.0,408.0,408.0,407.5586928104598
241,-100.0,-100.0,-100.0,46.934226293697314,46.934226293697314,47.47482932870958,-100.0,-100.0,-100.0,406.0,406.0,407.4425037707413
242,-100.0,-100.0,-100.0,47.91880250633224,47.91880250633224,47.24382116198381,-100.0,-100.0,-100.0,407.0,407.0,406.9595475113145
243,-100.0,-100.0,-100.0,46.85665529234526,46.85665529234526,47.297688589141316,-100.0,-100.0,-100.0,405.66666666666674,405.66666666666674,407.36165912519084
244,-100.0,-100.0,-100.0,46.151150938084115,46.151150938084115,47.10311659036644,-100.0,-100.0,-100.0,407.5,407.5,407.5682956259449
245,-100.0,-100.0,-100.0,48.03200281734359,48.03200281734359,46.8992386963529,-100.0,-100.0,-100.0,406.0,406.0,407.97447963801136
246,-100.0,-100.0,-100.0,47.04834918383286,47.04834918383286,46.2895513257256,-100.0,-100.0,-100.0,408.0,408.0,408.18202111614096
247,-100.0,-100.0,-100.0,45.26061534310175,45.26061534310175,46.39317889379509,-100.0,-100.0,-100.0,409.4,409.4,408.6514027149343
248,-100.0,-100.0,-100.0,47.335455165232446,47.335455165232446,46.279402154546155,-100.0,-100.0,-100.0,409.0,409.0,408.5826244343914
249,-100.0,-100.0,-100.0,45.937789783289446,45.937789783289446,46.123783062869435,-100.0,-100.0,-100.0,413.5,413.5,408.0358672699872
250,-100.0,-100.0,-100.0,44.201910204189296,44.201910204189296,46.01050040612962,-100.0,-100.0,-100.0,407.5,407.5,407.2762895927624
251,-100.0,-100.0,-100.0,46.625014512639254,46.625014512639254,45.87792302963108,-100.0,-100.0,-100.0,404.0,404.0,405.89076923077147
252,-100.0,-100.0,-100.0,45.85420370074978,45.85420370074978,45.70417895181643,-100.0,-100.0,-100.0,403.0,403.0,404.3093212669705
253,-100.0,-100.0,-100.0,46.8323370917548,46.8323370917548,45.80349409929197,-100.0,-100.0,-100.0,401.5,401.5,402.308416289595
254,-100.0,-100.0,-100.0,45.30863884173252,45.30863884173252,45.83827116444763,-100.0,-100.0,-100.0,400.0,400.0,400.18443438914244
255,-100.0,-100.0,-100.0,45.75570066500847,45.75570066500847,45.75334011540045,-100.0,-100.0,-100.0,398.5,398.5,397.87207498384186
256,-100.0,-100.0,-100.0,45.23159435644317,45.23159435644317,45.941198712882795,-100.0,-100.0,-100.0,396.5,396.5,395.51027795733893
257,-100.0,-100.0,-100.0,46.16483467269461,46.16483467269461,45.924278677482555,-100.0,-100.0,-100.0,394.0,394.0,394.0839043309654
258,-100.0,-100.0,-100.0,46.02537831802793,46.02537831802793,45.730686732226495,-100.0,-100.0,-100.0,393.0,393.0,392.54180133592115
259,-100.0,-100.0,-100.0,45.846529646093146,45.846529646093146,45.71344748054867,-100.0,-100.0,-100.0,391.5,391.5,391.21725921137903
260,-100.0,-100.0,-100.0,45.47809880472134,45.47809880472134,45.6322526237455,-100.0,-100.0,-100.0,389.0,389.0,390.19670329670544
261,-100.0,-100.0,-100.0,46.05513334056862,46.05513334056862,45.7721467603147,-100.0,-100.0,-100.0,387.5,387.5,389.54574445162893
262,-100.0,-100.0,-100.0,45.57286453838824,45.57286453838824,45.74276520034029,-100.0,-100.0,-100.0,388.8571428571429,388.8571428571429,389.24266321913603
263,-100.0,-100.0,-100.0,44.88407079566117,44.88407079566117,45.63061468789728,-100.0,-100.0,-100.0,390.0,390.0,389.32518070165344
264,-100.0,-100.0,-100.0,45.79639182444804,45.79639182444804,45.341245006755074,-100.0,-100.0,-100.0,389.95238095238096,389.95238095238096,389.7958472899671
265,-100.0,-100.0,-100.0,45.19856480185145,45.19856480185145,45.18043116396763,-100.0,-100.0,-100.0,391.5,391.5,390.4635482164916
266,-100.0,-100.0,-100.0,45.385837867673516,45.385837867673516,44.91868344707507,-100.0,-100.0,-100.0,391.0,391.0,391.48112629059136
267,-100.0,-100.0,-100.0,45.38133819215703,45.38133819215703,44.68242690684237,-100.0,-100.0,-100.0,392.0,392.0,392.19268414539863
268,-100.0,-100.0,-100.0,44.08446095552973,44.08446095552973,44.381031536297044,-100.0,-100.0,-100.0,392.5,392.5,392.88428471515243
269,-100.0,-100.0,-100.0,43.456118516601954,43.456118516601954,44.14534936391328,-100.0,-100.0,-100.0,393.5,393.5,393.22010994793555
270,-100.0,-100.0,-100.0,43.63621826474826,43.63621826474826,43.84361467266655,-100.0,-100.0,-100.0,394.31818181818187,394.31818181818187,393.3328683117506
271,-100.0,-100.0,-100.0,44.124147584976456,44.124147584976456,43.5491804620913,-100.0,-100.0,-100.0,394.0,394.0,393.2746606469337
272,-100.0,-100.0,-100.0,43.24610055125224,43.24610055125224,43.53719013859257,-100.0,-100.0,-100.0,393.5,393.5,392.95822127798385
273,-100.0,-100.0,-100.0,43.9422891460109,43.9422891460109,43.63534372652313,-100.0,-100.0,-100.0,390.9565217391305,390.9565217391305,392.5301780868232
274,-100.0,-100.0,-100.0,43.57256881884334,43.57256881884334,43.968487503066854,-100.0,-100.0,-100.0,393.57894736842104,393.57894736842104,391.9197489144341
275,-100.0,-100.0,-100.0,43.878964121426385,43.878964121426385,44.50360381964268,-100.0,-100.0,-100.0,391.0,391.0,391.33010118163116
276,-100.0,-100.0,-100.0,44.331556765988,44.331556765988,46.05502784620738,-100.0,-100.0,-100.0,390.0,390.0,390.8644023092288
277,-100.0,-100.0,-100.0,45.78396365247728,45.78396365247728,45.72225088124857,-100.0,-100.0,-100.0,390.0,390.0,390.5303446049194
278,-100.0,-100.0,-100.0,46.69785752349298,46.69785752349298,45.485378166680405,-100.0,-100.0,-100.0,390.0,390.0,390.4534319765597
279,-100.0,-100.0,-100.0,46.83844034716776,46.83844034716776,45.31911207772751,-100.0,-100.0,-100.0,390.0,390.0,390.48224525508357
280,-100.0,-100.0,-100.0,47.33653759309799,47.33653759309799,45.11936476851895,-100.0,-100.0,-100.0,391.0,391.0,390.68223075887846
281,-100.0,-100.0,-100.0,47.235990173354516,47.235990173354516,45.062160510749116,-100.0,-100.0,-100.0,391.5,391.5,390.7704453441317
282,-100.0,-100.0,-100.0,47.07321419792319,47.07321419792319,44.94243812387915,-100.0,-100.0,-100.0,392.0,392.0,391.29592760181214
283,-100.0,-100.0,-100.0,32.46122586953133,32.46122586953133,45.0937781458749,-100.0,-100.0,-100.0,391.5,391.5,391.8832579185542
284,-100.0,-100.0,-100.0,46.44430642194376,46.44430642194376,44.98594784088699,-100.0,-100.0,-100.0,392.0,392.0,392.35022624434606
285,-100.0,-100.0,-100.0,46.419679817498945,46.419679817498945,45.04463706969939,-100.0,-100.0,-100.0,392.0,392.0,392.74027149321483
286,-100.0,-100.0,-100.0,47.14989513812372,47.14989513812372,45.27289424353983,-100.0,-100.0,-100.0,393.0,393.0,393.06153846154064
287,-100.0,-100.0,-100.0,47.458649690353106,47.458649690353106,45.73887056551611,-100.0,-100.0,-100.0,393.5,393.5,393.25746606335065
288,-100.0,-100.0,-100.0,47.27418377376787,47.27418377376787,46.38816278217303,-100.0,-100.0,-100.0,394.0,394.0,393.30859728507005
289,-100.0,-100.0,-100.0,47.968804960082245,47.968804960082245,47.19356177359081,-100.0,-100.0,-100.0,394.5,394.5,393.40452488688004
290,-100.0,-100.0,-100.0,45.01271332489901,45.01271332489901,48.088669323325156,-100.0,-100.0,-100.0,393.0,393.0,393.4361990950248
291,-100.0,-100.0,-100.0,47.161886426338306,47.161886426338306,47.16256128103654,-100.0,-100.0,-100.0,393.0,393.0,393.2638009049796
292,-100.0,-100.0,-100.0,47.38046231233158,47.38046231233158,47.287245258667596,-100.0,-100.0,-100.0,393.0,393.0,393.08733031674427
293,-100.0,-100.0,-100.0,47.90157326965231,47.90157326965231,47.210270165682516,-100.0,-100.0,-100.0,392.5,392.5,392.8022624434411
294,-100.0,-100.0,-100.0,47.16581929090092,47.16581929090092,47.236605428464756,-100.0,-100.0,-100.0,392.0,392.0,392.4764705882375
295,-100.0,-100.0,-100.0,47.28780474298247,47.28780474298247,47.27582021384886,-100.0,-100.0,-100.0,393.0,393.0,392.31764705882574
296,-100.0,-100.0,-100.0,47.223469355517295,47.223469355517295,47.317851748312464,-100.0,-100.0,-100.0,392.0,392.0,392.19954751131445
297,-100.0,-100.0,-100.0,47.82077573457005,47.82077573457005,47.47363475487686,-100.0,-100.0,-100.0,392.0,392.0,392.2036199095044
298,-100.0,-100.0,-100.0,47.468798280640385,47.468798280640385,47.24251601307706,-100.0,-100.0,-100.0,392.5,392.5,392.31085972850894
299,-100.0,-100.0,-100.0,46.207897362367575,46.207897362367575,47.08931343050008,-100.0,-100.0,-100.0,392.0,392.0,392.2977375565633
300,-100.0,-100.0,-100.0,47.47657110049392,47.47657110049392,47.12746025618065,-100.0,-100.0,-100.0,392.0,392.0,392.3470588235316
301,-100.0,-100.0,-100.0,46.96619638449367,46.96619638449367,47.100084702619554,-100.0,-100.0,-100.0,393.0,393.0,392.12217194570354
302,-100.0,-100.0,-100.0,47.145149950114316,47.145149950114316,47.01697425486582,-100.0,-100.0,-100.0,392.0,392.0,392.02171945701576
303,-100.0,-100.0,-100.0,47.00833094207806,47.00833094207806,46.95299522056753,-100.0,-100.0,-100.0,392.5,392.5,392.09683257918766
304,-100.0,-100.0,-100.0,46.74945573885417,46.74945573885417,46.8428688026179,-100.0,-100.0,-100.0,393.0,393.0,392.4058823529433
305,-100.0,-100.0,-100.0,46.99746755958872,46.99746755958872,46.965905735354404,-100.0,-100.0,-100.0,391.0,391.0,392.573303167423
306,-100.0,-100.0,-100.0,47.816353590439064,47.816353590439064,47.10243544403167,-100.0,-100.0,-100.0,392.0,392.0,392.7022624434411
307,-100.0,-100.0,-100.0,46.011324866598684,46.011324866598684,47.108399157435585,-100.0,-100.0,-100.0,391.5,391.5,392.7574660633506
308,-100.0,-100.0,-100.0,47.08884233145715,47.08884233145715,47.1717815632539,-100.0,-100.0,-100.0,394.5,394.5,392.87556561086194
309,-100.0,-100.0,-100.0,47.20365383281795,47.20365383281795,47.18734683258064,-100.0,-100.0,-100.0,394.0,394.0,392.81990950226464
310,-100.0,-100.0,-100.0,47.33843753601014,47.33843753601014,47.193860161740865,-100.0,-100.0,-100.0,394.5,394.5,392.72307692307913
311,-100.0,-100.0,-100.0,48.27293074006922,48.27293074006922,47.31476097338987,-100.0,-100.0,-100.0,391.5,391.5,392.7466063348438
312,-100.0,-100.0,-100.0,47.250501524042896,47.250501524042896,47.45471340755906,-100.0,-100.0,-100.0,392.0,392.0,392.95656108597507
313,-100.0,-100.0,-100.0,47.142355487242014,47.142355487242014,47.392195003709446,-100.0,-100.0,-100.0,392.5,392.5,392.74072398190265
314,-100.0,-100.0,-100.0,46.891578915521734,46.891578915521734,47.481954133384114,-100.0,-100.0,-100.0,392.5,392.5,392.49773755656327
315,-100.0,-100.0,-100.0,47.39835638550735,47.39835638550735,47.39093535074994,-100.0,-100.0,-100.0,391.0,391.0,392.24343891402935
316,-100.0,-100.0,-100.0,47.623494948032075,47.623494948032075,47.45036288468014,-100.0,-100.0,-100.0,393.5,393.5,392.30588235294334
317,-100.0,-100.0,-100.0,48.293069254181205,48.293069254181205,47.377892160974575,-100.0,-100.0,-100.0,393.5,393.5,392.47782805430086
318,-100.0,-100.0,-100.0,47.26324140056729,47.26324140056729,47.370029581031154,-100.0,-100.0,-100.0,393.0,393.0,392.86380090497954
319,-100.0,-100.0,-100.0,46.190130318657594,46.190130318657594,47.421259972934855,-100.0,-100.0,-100.0,391.5,391.5,392.91176470588454
320,-100.0,-100.0,-100.0,48.04048483134003,48.04048483134003,47.580158019508055,-100.0,-100.0,-100.0,393.0,393.0,393.28597285068093
321,-100.0,-100.0,-100.0,47.86896890660368,47.86896890660368,47.671081111103625,-100.0,-100.0,-100.0,394.0,394.0,393.4945701357488
322,-100.0,-100.0,-100.0,47.884554455903974,47.884554455903974,47.66009606775207,-100.0,-100.0,-100.0,393.5,393.5,393.7669683257941
323,-100.0,-100.0,-100.0,46.901245902415035,46.901245902415035,47.661824627957785,-100.0,-100.0,-100.0,394.0,394.0,393.6819004524909
324,-100.0,-100.0,-100.0,48.14407035814584,48.14407035814584,47.73939412006855,-100.0,-100.0,-100.0,394.0,394.0,393.80578398583737
325,-100.0,-100.0,-100.0,47.82708333777584,47.82708333777584,47.96265427495193,-100.0,-100.0,-100.0,394.0,394.0,394.0901042691346
326,-100.0,-100.0,-100.0,48.919046468594416,48.919046468594416,47.99538776701864,-100.0,-100.0,-100.0,395.5,395.5,394.243596301399
327,-100.0,-100.0,-100.0,47.34997002298736,47.34997002298736,47.941845773425456,-100.0,-100.0,-100.0,392.5,392.5,393.8970293133998
328,-100.0,-100.0,-100.0,47.557980762887865,47.557980762887865,47.95114211971345,-100.0,-100.0,-100.0,394.0,394.0,393.7286838481234
329,-100.0,-100.0,-100.0,48.009674733553396,48.009674733553396,47.99854620905542,-100.0,-100.0,-100.0,393.0,393.0,393.4313200865653
330,-100.0,-100.0,-100.0,48.37337632055488,48.37337632055488,47.98205111296866,-100.0,-100.0,-100.0,394.0,394.0,393.2126303364177
331,-100.0,-100.0,-100.0,48.002325077527566,48.002325077527566,48.3314924938787,-100.0,-100.0,-100.0,393.9565217391305,393.9565217391305,393.0784969506219
332,-100.0,-100.0,-100.0,47.32464516569546,47.32464516569546,47.873921223674074,-100.0,-100.0,-100.0,392.0,392.0,392.8320873499923
333,-100.0,-100.0,-100.0,48.19296441785109,48.19296441785109,47.32443224210999,-100.0,-100.0,-100.0,391.5,391.5,392.7163879598684
334,-100.0,-100.0,-100.0,47.224998285779755,47.224998285779755,47.096192167643736,-100.0,-100.0,-100.0,393.5,393.5,392.8390910879424
335,-100.0,-100.0,-100.0,47.783826872040535,47.783826872040535,46.67625842026663,-100.0,-100.0,-100.0,392.0,392.0,392.7264410781057
336,-100.0,-100.0,-100.0,47.07645602987487,47.07645602987487,46.43883393295154,-100.0,-100.0,-100.0,394.0,394.0,392.78485504265774
337,-100.0,-100.0,-100.0,47.43771086399929,47.43771086399929,46.32703115018652,-100.0,-100.0,-100.0,393.0,393.0,392.9825765027833
338,-100.0,-100.0,-100.0,40.16989210798184,40.16989210798184,46.23102137249012,-100.0,-100.0,-100.0,392.5,392.5,393.2892064457304
339,-100.0,-100.0,-100.0,46.81471600203024,46.81471600203024,46.28689220011094,-100.0,-100.0,-100.0,394.0,394.0,393.6575483340211
340,-100.0,-100.0,-100.0,48.0241053514849,48.0241053514849,46.39488963599065,-100.0,-100.0,-100.0,393.5,393.5,393.8442616207344
341,-100.0,-100.0,-100.0,46.97683078146257,46.97683078146257,46.70695376808867,-100.0,-100.0,-100.0,394.0,394.0,393.92048539695816
342,-100.0,-100.0,-100.0,48.26848306589556,48.26848306589556,47.21592037262521,-100.0,-100.0,-100.0,394.5,394.5,394.10257389669374
343,-100.0,-100.0,-100.0,47.36023991353997,47.36023991353997,47.46798966628432,-100.0,-100.0,-100.0,395.409090909091,395.409090909091,394.40670897729944
344,-100.0,-100.0,-100.0,47.08794882153194,47.08794882153194,47.77017335462191,-100.0,-100.0,-100.0,394.0,394.0,394.83554092966074
345,-100.0,-100.0,-100.0,48.489636617292135,48.489636617292135,48.15650716439546,-100.0,-100.0,-100.0,394.5,394.5,395.1252688488005
346,-100.0,-100.0,-100.0,48.204755431906825,48.204755431906825,47.69053605786015,-100.0,-100.0,-100.0,395.0,395.0,395.38539499716194
347,-100.0,-100.0,-100.0,48.074935076618615,48.074935076618615,47.6420779064322,-100.0,-100.0,-100.0,395.5,395.5,395.65800082270886
348,-100.0,-100.0,-100.0,47.952533384814004,47.952533384814004,47.6870537221527,-100.0,-100.0,-100.0,396.0,396.0,395.78381030734187
349,-100.0,-100.0,-100.0,45.077733370530225,45.077733370530225,47.58672211481395,-100.0,-100.0,-100.0,397.7619047619048,397.7619047619048,395.98001802119666
350,-100.0,-100.0,-100.0,48.20695310810295,48.20695310810295,47.72051284270533,-100.0,-100.0,-100.0,395.5,395.5,396.05793618146777
351,-100.0,-100.0,-100.0,47.99509482950088,47.99509482950088,47.75528961403738,-100.0,-100.0,-100.0,396.0,396.0,396.2638009049796
352,-100.0,-100.0,-100.0,48.395565760533806,48.395565760533806,47.612207373896304,-100.0,-100.0,-100.0,396.5,396.5,396.22846369317176
353,-100.0,-100.0,-100.0,47.70738849717889,47.70738849717889,47.79875211654228,-100.0,-100.0,-100.0,395.5,395.5,396.20252100840554
354,-100.0,-100.0,-100.0,47.70396651844318,47.70396651844318,47.920405743407336,-100.0,-100.0,-100.0,396.0,396.0,396.17239819004743
355,-100.0,-100.0,-100.0,47.90180652504131,47.90180652504131,48.02381028998496,-100.0,-100.0,-100.0,396.5,396.5,396.0629821159255
356,-100.0,-100.0,-100.0,48.42406764020267,48.42406764020267,48.06766261188138,-100.0,-100.0,-100.0,395.5,395.5,396.0082094376234
357,-100.0,-100.0,-100.0,47.46860501331206,47.46860501331206,47.614840079726974,-100.0,-100.0,-100.0,396.5,396.5,396.1873303167443
358,-100.0,-100.0,-100.0,47.34320143052661,47.34320143052661,47.508660971647366,-100.0,-100.0,-100.0,396.0,396.0,396.04796380090716
359,-100.0,-100.0,-100.0,48.59050721450347,48.59050721450347,47.32098056805418,-100.0,-100.0,-100.0,396.5,396.5,395.9529411764728
360,-100.0,-100.0,-100.0,46.676880487441956,46.676880487441956,47.25333507488317,-100.0,-100.0,-100.0,396.0,396.0,396.0896517804468
361,-100.0,-100.0,-100.0,46.784145891832274,46.784145891832274,47.11246608388402,-100.0,-100.0,-100.0,395.5,395.5,395.99525870549104
362,-100.0,-100.0,-100.0,46.54615193225693,46.54615193225693,47.18313993066041,-100.0,-100.0,-100.0,396.0,396.0,395.70605941373424
363,-100.0,-100.0,-100.0,46.750168073924506,46.750168073924506,47.22775940697707,-100.0,-100.0,-100.0,395.5,395.5,395.56820775133014
364,-100.0,-100.0,-100.0,47.9804444587043,47.9804444587043,47.37148091879992,-100.0,-100.0,-100.0,395.0,395.0,395.4183553019892
365,-100.0,-100.0,-100.0,47.087412402595334,47.087412402595334,48.27552288433196,-100.0,-100.0,-100.0,396.0,396.0,395.1949636041729
366,-100.0,-100.0,-100.0,47.99982216488733,47.99982216488733,47.68959831739228,-100.0,-100.0,-100.0,396.0,396.0,395.0704308479267
367,-100.0,-100.0,-100.0,47.9312440994619,47.9312440994619,47.2861498196353,-100.0,-100.0,-100.0,393.82608695652175,393.82608695652175,395.08005115089736
368,-100.0,-100.0,-100.0,48.84372435335057,48.84372435335057,46.859626633605714,-100.0,-100.0,-100.0,394.0,394.0,395.08853039543794
369,-100.0,-100.0,-100.0,47.13518054868848,47.13518054868848,46.57577209051951,-100.0,-100.0,-100.0,396.0,396.0,395.1619319299648
370,-100.0,-100.0,-100.0,47.61418065170224,47.61418065170224,46.30283337911499,-100.0,-100.0,-100.0,395.5,395.5,395.29573086760007
371,-100.0,-100.0,-100.0,47.64417906205133,47.64417906205133,46.12678525715437,-100.0,-100.0,-100.0,394.5,394.5,395.48540232146587
372,-100.0,-100.0,-100.0,36.03930908197091,36.03930908197091,46.119084998579716,-100.0,-100.0,-100.0,396.5,396.5,395.5879598662229
373,-100.0,-100.0,-100.0,47.329748938667144,47.329748938667144,46.20169121447752,-100.0,-100.0,-100.0,396.0,396.0,395.9386976195182
374,-100.0,-100.0,-100.0,48.35721063829215,48.35721063829215,46.257754101575586,-100.0,-100.0,-100.0,396.0,396.0,396.0919142238857
375,-100.0,-100.0,-100.0,48.313536951140776,48.313536951140776,46.460369559917666,-100.0,-100.0,-100.0,396.5,396.5,396.0791855203642
376,-100.0,-100.0,-100.0,47.794043000085956,47.794043000085956,46.87884282365104,-100.0,-100.0,-100.0,396.0,396.0,396.0800904977397
377,-100.0,-100.0,-100.0,47.93796009614725,47.93796009614725,47.22164795980436,-100.0,-100.0,-100.0,396.5,396.5,396.29819004525103
378,-100.0,-100.0,-100.0,47.46202580452235,47.46202580452235,47.63982214229436,-100.0,-100.0,-100.0,396.0,396.0,396.41402714932343
379,-100.0,-100.0,-100.0,47.63410549927405,47.63410549927405,48.2345878432571,-100.0,-100.0,-100.0,396.5,396.5,396.38009049773973
380,-100.0,-100.0,-100.0,46.13964210239287,46.13964210239287,47.38883457800108,-100.0,-100.0,-100.0,395.0,395.0,396.4506787330339
381,-100.0,-100.0,-100.0,47.66783479344604,47.66783479344604,47.311177440865855,-100.0,-100.0,-100.0,397.5,397.5,396.5049773755678
382,-100.0,-100.0,-100.0,47.20888582457862,47.20888582457862,47.36025098217305,-100.0,-100.0,-100.0,397.5,397.5,396.6601809954773
383,-100.0,-100.0,-100.0,47.277868833905764,47.277868833905764,47.42838775069816,-100.0,-100.0,-100.0,397.0,397.0,396.86289592760403
384,-100.0,-100.0,-100.0,47.48002844465221,47.48002844465221,47.67132003593451,-100.0,-100.0,-100.0,396.5,396.5,397.05972850678955
385,-100.0,-100.0,-100.0,48.340788660438356,48.340788660438356,47.67368914168969,-100.0,-100.0,-100.0,397.0,397.0,397.26199095022844
386,-100.0,-100.0,-100.0,48.08190596769392,48.08190596769392,47.71574689728491,-100.0,-100.0,-100.0,397.0,397.0,397.5823529411787
387,-100.0,-100.0,-100.0,47.63364675715845,47.63364675715845,47.675240221334626,-100.0,-100.0,-100.0,398.0,398.0,397.9348416289615
388,-100.0,-100.0,-100.0,47.73070369705312,47.73070369705312,47.58074377434426,-100.0,-100.0,-100.0,398.5,398.5,397.96289592760405
389,-100.0,-100.0,-100.0,47.68065648339873,47.68065648339873,48.2278422162203,-100.0,-100.0,-100.0,398.0,398.0,398.30180995475337
390,-100.0,-100.0,-100.0,48.0813842367061,48.0813842367061,47.73499865203571,-100.0,-100.0,-100.0,398.5,398.5,398.47647058823753
391,-100.0,-100.0,-100.0,45.715649193073695,45.715649193073695,47.336228527267316,-100.0,-100.0,-100.0,398.5,398.5,398.42533936651796
392,-100.0,-100.0,-100.0,48.027670725978986,48.027670725978986,47.07079479113083,-100.0,-100.0,-100.0,399.5,399.5,398.3542986425362
393,-100.0,-100.0,-100.0,47.5035737609135,47.5035737609135,46.93058537124475,-100.0,-100.0,-100.0,398.0,398.0,398.1647058823552
394,-100.0,-100.0,-100.0,49.015604629578206,49.015604629578206,46.9520341924453,-100.0,-100.0,-100.0,397.5,397.5,397.7950226244366
395,-100.0,-100.0,-100.0,48.296061242792135,48.296061242792135,46.84476550743014,-100.0,-100.0,-100.0,398.0,398.0,397.52805429864475
396,-100.0,-100.0,-100.0,39.82947467752238,39.82947467752238,46.94835348086726,-100.0,-100.0,-100.0,396.0,396.0,397.2113122171968
397,-100.0,-100.0,-100.0,48.453524721477066,48.453524721477066,46.96985325617387,-100.0,-100.0,-100.0,396.5,396.5,396.7968325791877
398,-100.0,-100.0,-100.0,48.32273780484784,48.32273780484784,47.14781683872536,-100.0,-100.0,-100.0,397.5,397.5,396.6131221719479
399,-100.0,-100.0,-100.0,47.703572405868464,47.703572405868464,47.02678997345582,-100.0,-100.0,-100.0,396.0,396.0,396.34886877828274
400,-100.0,-100.0,-100.0,48.06157186359442,48.06157186359442,47.06476059327524,-100.0,-100.0,-100.0,396.0,396.0,396.20814479638227
401,-100.0,-100.0,-100.0,46.914882751226024,46.914882751226024,47.25982395121556,-100.0,-100.0,-100.0,396.5,396.5,396.0180995475135
402,-100.0,-100.0,-100.0,48.308487745630345,48.308487745630345,47.75616628974494,-100.0,-100.0,-100.0,395.5,395.5,395.9085972850701
403,-100.0,-100.0,-100.0,46.78358559853634,46.78358559853634,48.297185512100135,-100.0,-100.0,-100.0,396.0,396.0,395.90814479638226
404,-100.0,-100.0,-100.0,47.868682444726886,47.868682444726886,47.80648812265909,-100.0,-100.0,-100.0,396.5,396.5,395.63914027149536
405,-100.0,-100.0,-100.0,47.42963912210036,47.42963912210036,47.87588905859169,-100.0,-100.0,-100.0,394.5,394.5,395.42175716440636
406,-100.0,-100.0,-100.0,48.06305640669389,48.06305640669389,48.15078019043795,-100.0,-100.0,-100.0,395.0,395.0,395.35361990950446
407,-100.0,-100.0,-100.0,49.41727095129529,49.41727095129529,48.22548690292842,-100.0,-100.0,-100.0,395.5,395.5,395.12341628959496
408,-100.0,-100.0,-100.0,48.582387018589216,48.582387018589216,48.48329246846725,-100.0,-100.0,-100.0,395.5,395.5,394.8243589743612
409,-100.0,-100.0,-100.0,48.25378591567519,48.25378591567519,48.443012280333654,-100.0,-100.0,-100.0,394.5,394.5,394.68359728507005
410,-100.0,-100.0,-100.0,48.418644753911806,48.418644753911806,48.42605694447198,-100.0,-100.0,-100.0,394.0,394.0,394.4205882352963
411,-100.0,-100.0,-100.0,48.087221926788686,48.087221926788686,48.613602265582415,-100.0,-100.0,-100.0,394.45833333333337,394.45833333333337,394.233069381601
412,-100.0,-100.0,-100.0,49.210718570390185,49.210718570390185,48.47302682474352,-100.0,-100.0,-100.0,394.0,394.0,394.0115384615406
413,-100.0,-100.0,-100.0,47.460445869908355,47.460445869908355,48.25690456110273,-100.0,-100.0,-100.0,393.5,393.5,393.74468325792077
414,-100.0,-100.0,-100.0,48.80109611992984,48.80109611992984,48.055283864654044,-100.0,-100.0,-100.0,393.5,393.5,393.5180241327322
415,-100.0,-100.0,-100.0,47.18167372580844,47.18167372580844,47.94315439351712,-100.0,-100.0,-100.0,394.0,394.0,393.3835972850701
416,-100.0,-100.0,-100.0,48.327429541305364,48.327429541305364,47.95240483611376,-100.0,-100.0,-100.0,393.0,393.0,393.3287330316764
417,-100.0,-100.0,-100.0,49.72075989015602,49.72075989015602,47.79568794359466,-100.0,-100.0,-100.0,393.0,393.0,393.1670060331847
418,-100.0,-100.0,-100.0,45.32135398844151,45.32135398844151,47.68778857069276,-100.0,-100.0,-100.0,392.5,392.5,393.0427601809977
419,-100.0,-100.0,-100.0,48.07804714212441,48.07804714212441,47.747827459464716,-100.0,-100.0,-100.0,394.0,394.0,392.9841628959298
420,-100.0,-100.0,-100.0,47.934137147469336,47.934137147469336,48.090151445891344,-100.0,-100.0,-100.0,393.0,393.0,393.02895927602026
421,-100.0,-100.0,-100.0,47.99300308757708,47.99300308757708,48.25321870019522,-100.0,-100.0,-100.0,393.0,393.0,393.23710407240037
422,-100.0,-100.0,-100.0,49.078025227719536,49.078025227719536,48.644463570809506,-100.0,-100.0,-100.0,393.0,393.0,393.33031674208365
423,-100.0,-100.0,-100.0,47.80620301988046,47.80620301988046,48.862070915395954,-100.0,-100.0,-100.0,393.0,393.0,393.64253393665376
424,-100.0,-100.0,-100.0,49.67205853489873,49.67205853489873,49.26371408232217,-100.0,-100.0,-100.0,394.0,394.0,393.89683257918773
425,-100.0,-100.0,-100.0,50.75936868109258,50.75936868109258,49.78818296958272,-100.0,-100.0,-100.0,394.0,394.0,394.05475113122395
426,-100.0,-100.0,-100.0,50.089575234823236,50.089575234823236,49.70359160500563,-100.0,-100.0,-100.0,395.0,395.0,394.03665158371257
427,-100.0,-100.0,-100.0,49.43432886133925,49.43432886133925,49.84829631049716,-100.0,-100.0,-100.0,395.0,395.0,394.2366515837126
428,-100.0,-100.0,-100.0,50.102155303350706,50.102155303350706,49.82007150590892,-100.0,-100.0,-100.0,393.5,393.5,394.3013574660656
429,-100.0,-100.0,-100.0,49.68146498496033,49.68146498496033,49.85185792372603,-100.0,-100.0,-100.0,395.0,395.0,394.352488687785
430,-100.0,-100.0,-100.0,49.918568563389535,49.918568563389535,49.75601912333631,-100.0,-100.0,-100.0,394.0,394.0,394.33665158371264
431,-100.0,-100.0,-100.0,48.83259979018629,48.83259979018629,49.496209597240835,-100.0,-100.0,-100.0,393.5,393.5,394.30045248869
432,-100.0,-100.0,-100.0,49.092123222141474,49.092123222141474,49.42798734552052,-100.0,-100.0,-100.0,394.0,394.0,394.35972850678957
433,-100.0,-100.0,-100.0,50.02723323299576,50.02723323299576,49.50197075585268,-100.0,-100.0,-100.0,395.0,395.0,394.4303167420836
434,-100.0,-100.0,-100.0,49.18822062217479,49.18822062217479,49.511535428805786,-100.0,-100.0,-100.0,394.5,394.5,394.53122171945927
435,-100.0,-100.0,-100.0,50.05935275856425,50.05935275856425,49.49215224644959,-100.0,-100.0,-100.0,395.0,395.0,394.71085972850904
436,-100.0,-100.0,-100.0,48.45503249933536,48.45503249933536,49.441855267207934,-100.0,-100.0,-100.0,395.0,395.0,394.87285067873523
437,-100.0,-100.0,-100.0,49.97649169433854,49.97649169433854,49.37557202881216,-100.0,-100.0,-100.0,395.5,395.5,395.325339366518
438,-100.0,-100.0,-100.0,49.78084878696831,49.78084878696831,49.26438896070846,-100.0,-100.0,-100.0,395.5,395.5,395.69683257918774
439,-100.0,-100.0,-100.0,49.03862588211347,49.03862588211347,48.98603003161592,-100.0,-100.0,-100.0,395.5,395.5,395.9511312217216
440,-100.0,-100.0,-100.0,48.630454419265334,48.630454419265334,48.89159056502443,-100.0,-100.0,-100.0,395.5,395.5,396.2814479638031
441,-100.0,-100.0,-100.0,48.62879136147065,48.62879136147065,49.25332563844184,-100.0,-100.0,-100.0,397.0,397.0,396.81628959276236
442,-100.0,-100.0,-100.0,47.69480751364801,47.69480751364801,48.33160178451481,-100.0,-100.0,-100.0,398.0,398.0,397.214932126699
443,-100.0,-100.0,-100.0,48.078842295201916,48.078842295201916,47.51584234880255,-100.0,-100.0,-100.0,398.0,398.0,397.5090497737579
444,-100.0,-100.0,-100.0,47.38704026027215,47.38704026027215,46.68756683063164,-100.0,-100.0,-100.0,397.5,397.5,397.8325145442814
445,-100.0,-100.0,-100.0,47.61958799999905,47.61958799999905,46.04697244799693,-100.0,-100.0,-100.0,398.0,398.0,398.22555483732174
446,-100.0,-100.0,-100.0,47.735451114870386,47.735451114870386,45.4541963279573,-100.0,-100.0,-100.0,399.0,399.0,398.490045248871
447,-100.0,-100.0,-100.0,44.72456470809011,44.72456470809011,45.058611074581094,-100.0,-100.0,-100.0,399.0,399.0,398.5780219780242
448,-100.0,-100.0,-100.0,37.09632250584869,37.09632250584869,44.89308293746896,-100.0,-100.0,-100.0,398.0,398.0,398.7864821453079
449,-100.0,-100.0,-100.0,45.85498303728085,45.85498303728085,44.77788294168818,-100.0,-100.0,-100.0,398.5,398.5,399.0234060057611
450,-100.0,-100.0,-100.0,46.32704509916259,46.32704509916259,44.78138270951137,-100.0,-100.0,-100.0,400.0,400.0,399.43523535288466
451,-100.0,-100.0,-100.0,45.39191970179904,45.39191970179904,44.921863924066884,-100.0,-100.0,-100.0,399.9047619047619,399.9047619047619,400.087128557719
452,-100.0,-100.0,-100.0,45.70293577038593,45.70293577038593,45.15464473372946,-100.0,-100.0,-100.0,399.5,399.5,400.5103073397214
453,-100.0,-100.0,-100.0,46.937067953659714,46.937067953659714,46.12895872076617,-100.0,-100.0,-100.0,400.5,400.5,400.81608391608614
454,-100.0,-100.0,-100.0,46.34608522558985,46.34608522558985,46.003854422086334,-100.0,-100.0,-100.0,402.5,402.5,401.01861471861696
455,-100.0,-100.0,-100.0,45.008021073343,45.008021073343,47.11222808609617,-100.0,-100.0,-100.0,401.31818181818187,401.31818181818187,401.30181700652514
456,-100.0,-100.0,-100.0,45.79884109546699,45.79884109546699,44.88002018674563,-100.0,-100.0,-100.0,402.5,402.5,401.60257507198907
457,-100.0,-100.0,-100.0,44.913898957324626,44.913898957324626,43.535682845209294,-100.0,-100.0,-100.0,402.5,402.5,401.54024720377885
458,-100.0,-100.0,-100.0,44.96286998653648,44.96286998653648,42.53040777883335,-100.0,-100.0,-100.0,400.0,400.0,401.61429864253614
459,-100.0,-100.0,-100.0,44.35037399033811,44.35037399033811,41.67575582237917,-100.0,-100.0,-100.0,400.5,400.5,401.63091731797834
460,-100.0,-100.0,-100.0,35.488733346474206,35.488733346474206,41.13922426439022,-100.0,-100.0,-100.0,401.0,401.0,401.55711465005805
461,-100.0,-100.0,-100.0,45.73639011078054,45.73639011078054,41.04583868704832,-100.0,-100.0,-100.0,402.8571428571429,402.8571428571429,401.5431815243602
462,-100.0,-100.0,-100.0,27.022656742749025,27.022656742749025,41.253520311723804,-100.0,-100.0,-100.0,402.4,402.4,401.51581477346406
463,-100.0,-100.0,-100.0,45.43139691474634,45.43139691474634,41.616756395910585,-100.0,-100.0,-100.0,400.0,400.0,401.447124640068
464,-100.0,-100.0,-100.0,45.37786949696037,45.37786949696037,42.395590963459675,-100.0,-100.0,-100.0,402.409090909091,402.409090909091,401.6536886642791
465,-100.0,-100.0,-100.0,45.27613317427567,45.27613317427567,42.95961231775983,-100.0,-100.0,-100.0,402.0,402.0,401.93069401187273
466,-100.0,-100.0,-100.0,45.574514108165296,45.574514108165296,43.788790610158905,-100.0,-100.0,-100.0,402.0,402.0,401.7893294940376
467,-100.0,-100.0,-100.0,45.30870737058963,45.30870737058963,44.923911139642335,-100.0,-100.0,-100.0,401.5,401.5,401.69872751289853
468,-100.0,-100.0,-100.0,45.176445261987936,45.176445261987936,45.01357058480736,-100.0,-100.0,-100.0,400.5,400.5,401.7072059909422
469,-100.0,-100.0,-100.0,44.76214406963385,44.76214406963385,46.056218004353646,-100.0,-100.0,-100.0,402.5,402.5,401.7785037468947
470,-100.0,-100.0,-100.0,44.180294673407076,44.180294673407076,44.715490312096094,-100.0,-100.0,-100.0,402.5,402.5,401.9122905227787
471,-100.0,-100.0,-100.0,42.350424510349654,42.350424510349654,44.665315129749835,-100.0,-100.0,-100.0,401.3636363636364,401.3636363636364,401.6002593314636
472,-100.0,-100.0,-100.0,45.6073328026234,45.6073328026234,44.8047382801396,-100.0,-100.0,-100.0,401.0,401.0,401.67615760199106
473,-100.0,-100.0,-100.0,46.088405459931415,46.088405459931415,44.92747710988536,-100.0,-100.0,-100.0,402.5,402.5,401.62287303489575
474,-100.0,-100.0,-100.0,45.059551341449556,45.059551341449556,45.081535588994726,-100.0,-100.0,-100.0,401.9565217391305,401.9565217391305,401.559146888919
475,-100.0,-100.0,-100.0,45.325421670981434,45.325421670981434,45.264954804613026,-100.0,-100.0,-100.0,400.5,400.5,401.3387348201693
476,-100.0,-100.0,-100.0,45.23727452316657,45.23727452316657,45.418351032674835,-100.0,-100.0,-100.0,401.3636363636364,401.3636363636364,401.0527939068626
477,-100.0,-100.0,-100.0,45.43813887663156,45.43813887663156,45.458469008738675,-100.0,-100.0,-100.0,400.5,400.5,400.95603218606
478,-100.0,-100.0,-100.0,46.24706005314643,46.24706005314643,45.483478647976014,-100.0,-100.0,-100.0,402.0,402.0,401.0046228962875
479,-100.0,-100.0,-100.0,44.81233243858745,44.81233243858745,45.094207486962915,-100.0,-100.0,-100.0,400.0,400.0,400.9253862761302
480,-100.0,-100.0,-100.0,44.846869089327065,44.846869089327065,45.00882399885687,-100.0,-100.0,-100.0,400.5,400.5,400.6899389442634
481,-100.0,-100.0,-100.0,44.976613674054605,44.976613674054605,44.93942242410247,-100.0,-100.0,-100.0,400.4,400.4,400.5995149607448
482,-100.0,-100.0,-100.0,44.515746761443815,44.515746761443815,44.91847409556168,-100.0,-100.0,-100.0,401.5,401.5,400.6159675618521
483,-100.0,-100.0,-100.0,44.56103915207422,44.56103915207422,45.419055280227674,-100.0,-100.0,-100.0,400.9047619047619,400.9047619047619,400.5755942097141
484,-100.0,-100.0,-100.0,45.22782410225571,45.22782410225571,44.820561904391944,-100.0,-100.0,-100.0,401.0,401.0,400.72250808015735
485,-100.0,-100.0,-100.0,44.358286617230036,44.358286617230036,44.56380417454727,-100.0,-100.0,-100.0,400.0,400.0,400.80570135746825
486,-100.0,-100.0,-100.0,45.27726784023241,45.27726784023241,44.244277953299814,-100.0,-100.0,-100.0,400.0,400.0,401.1234346046133
487,-100.0,-100.0,-100.0,44.749016204564704,44.749016204564704,43.951027129021654,-100.0,-100.0,-100.0,401.0,401.0,401.18790346908213
488,-100.0,-100.0,-100.0,45.58827004819138,45.58827004819138,43.805074903517095,-100.0,-100.0,-100.0,402.0,402.0,401.2364705882375
489,-100.0,-100.0,-100.0,44.33939853514106,44.33939853514106,43.65355656651612,-100.0,-100.0,-100.0,402.0,402.0,401.3109459168305
490,-100.0,-100.0,-100.0,36.83047152487048,36.83047152487048,43.64278155032782,-100.0,-100.0,-100.0,402.0,402.0,401.5268045679833
491,-100.0,-100.0,-100.0,45.71030192254297,45.71030192254297,43.781919555692625,-100.0,-100.0,-100.0,401.5,401.5,401.62398190045474
492,-100.0,-100.0,-100.0,43.13845861850823,43.13845861850823,43.98812666443705,-100.0,-100.0,-100.0,401.5,401.5,401.8979961215278
493,-100.0,-100.0,-100.0,45.504860789285715,45.504860789285715,44.107668183780135,-100.0,-100.0,-100.0,400.95238095238096,400.95238095238096,401.9461969403168
494,-100.0,-100.0,-100.0,45.35715375493584,45.35715375493584,44.32804484407273,-100.0,-100.0,-100.0,401.5,401.5,401.6835164835187
495,-100.0,-100.0,-100.0,44.785549063730684,44.785549063730684,44.66845697109911,-100.0,-100.0,-100.0,402.0,402.0,401.154751131224
496,-100.0,-100.0,-100.0,46.05773175675065,46.05773175675065,45.09273464477419,-100.0,-100.0,-100.0,401.5,401.5,400.77392803275376
497,-100.0,-100.0,-100.0,45.30809243964003,45.30809243964003,45.596289005956876,-100.0,-100.0,-100.0,401.0,401.0,400.620685197158
498,-100.0,-100.0,-100.0,44.155868892614464,44.155868892614464,44.96076807930416,-100.0,-100.0,-100.0,401.5,401.5,400.3393665158393
499,-100.0,-100.0,-100.0,44.3839371027428,44.3839371027428,45.062568005849734,-100.0,-100.0,-100.0,399.0,399.0,400.01141995259866
500,-100.0,-100.0,-100.0,44.744984286648176,44.744984286648176,44.749407427970695,-100.0,-100.0,-100.0,398.0,398.0,399.7753070458974
501,-100.0,-100.0,-100.0,45.41950975276389,45.41950975276389,44.770660194885394,-100.0,-100.0,-100.0,398.5,398.5,399.7257918552058
502,-100.0,-100.0,-100.0,44.497209516192335,44.497209516192335,44.73759998476031,-100.0,-100.0,-100.0,401.0,401.0,399.8090497737579
503,-100.0,-100.0,-100.0,45.40725256797768,45.40725256797768,44.714990028523616,-100.0,-100.0,-100.0,401.0,401.0,399.9294117647081
504,-100.0,-100.0,-100.0,43.99158987280626,43.99158987280626,44.86756124190825,-100.0,-100.0,-100.0,399.0,399.0,400.16515837104293
505,-100.0,-100.0,-100.0,45.03911259668654,45.03911259668654,44.915373720592456,-100.0,-100.0,-100.0,400.5,400.5,400.42217194570355
506,-100.0,-100.0,-100.0,44.38625603051091,44.38625603051091,44.796192188257606,-100.0,-100.0,-100.0,401.5,401.5,400.8095022624457
507,-100.0,-100.0,-100.0,45.67478818349782,45.67478818349782,44.76758905600494,-100.0,-100.0,-100.0,402.0,402.0,400.95475113122393
508,-100.0,-100.0,-100.0,44.47462575035025,44.47462575035025,44.86922461322603,-100.0,-100.0,-100.0,400.5,400.5,400.91764705882576
509,-100.0,-100.0,-100.0,45.10336341916622,45.10336341916622,44.82720213793066,-100.0,-100.0,-100.0,400.0,400.0,400.6800904977398
510,-100.0,-100.0,-100.0,44.47819710424054,44.47819710424054,44.73007156567673,-100.0,-100.0,-100.0,401.0,401.0,400.61163542340233
511,-100.0,-100.0,-100.0,44.02466543081044,44.02466543081044,44.54848207930165,-100.0,-100.0,-100.0,400.5,400.5,400.7400689506594
512,-100.0,-100.0,-100.0,44.61888140422895,44.61888140422895,44.36749878926523,-100.0,-100.0,-100.0,400.5,400.5,400.6022624434411
513,-100.0,-100.0,-100.0,45.24399420754888,45.24399420754888,44.14126743195038,-100.0,-100.0,-100.0,400.5,400.5,400.5173561732407
514,-100.0,-100.0,-100.0,44.28131939100208,44.28131939100208,44.103093733742554,-100.0,-100.0,-100.0,400.5,400.5,400.5034044387007
515,-100.0,-100.0,-100.0,42.32443745709923,42.32443745709923,43.74243534598875,-100.0,-100.0,-100.0,400.0,400.0,400.7739819004547
516,-100.0,-100.0,-100.0,43.63852881836373,43.63852881836373,43.34798395646462,-100.0,-100.0,-100.0,401.0,401.0,400.7304460245659
517,-100.0,-100.0,-100.0,42.70639018084464,42.70639018084464,43.1027728719013,-100.0,-100.0,-100.0,401.80952380952385,401.80952380952385,400.75831717302526
518,-100.0,-100.0,-100.0,44.230744541786336,44.230744541786336,42.812553555236626,-100.0,-100.0,-100.0,400.4,400.4,400.6654815772485
519,-100.0,-100.0,-100.0,42.47964967034328,42.47964967034328,42.62940505532805,-100.0,-100.0,-100.0,400.35,400.35,400.4655569920298
520,-100.0,-100.0,-100.0,43.35866909300679,43.35866909300679,42.57749642353507,-100.0,-100.0,-100.0,400.5,400.5,400.3220426632214
521,-100.0,-100.0,-100.0,39.66505052840254,39.66505052840254,42.84925361299532,-100.0,-100.0,-100.0,401.0,401.0,400.2092630898535
522,-100.0,-100.0,-100.0,43.43820362413186,43.43820362413186,42.9508606223665,-100.0,-100.0,-100.0,399.0,399.0,400.03721827192635
523,-100.0,-100.0,-100.0,43.39363431699869,43.39363431699869,42.87559410299568,-100.0,-100.0,-100.0,400.5,400.5,399.82828700711275
524,-100.0,-100.0,-100.0,43.28528225954445,43.28528225954445,43.067907284648335,-100.0,-100.0,-100.0,398.5,398.5,400.0596660202565
525,-100.0,-100.0,-100.0,44.20266169426433,44.20266169426433,43.187493625554104,-100.0,-100.0,-100.0,399.95238095238096,399.95238095238096,400.06699202758256
526,-100.0,-100.0,-100.0,43.61855509367204,43.61855509367204,43.514035490400914,-100.0,-100.0,-100.0,400.7619047619048,400.7619047619048,400.158360267186
527,-100.0,-100.0,-100.0,43.801587224301755,43.801587224301755,43.76901798299187,-100.0,-100.0,-100.0,400.5,400.5,400.3177461753955
528,-100.0,-100.0,-100.0,42.17132559032508,42.17132559032508,43.855853446775086,-100.0,-100.0,-100.0,400.35,400.35,400.54087696617336
529,-100.0,-100.0,-100.0,43.84972677066415,43.84972677066415,43.51519081609631,-100.0,-100.0,-100.0,401.35,401.35,400.7108769661734
530,-100.0,-100.0,-100.0,44.416730704769726,44.416730704769726,43.46614312359719,-100.0,-100.0,-100.0,401.9047619047619,401.9047619047619,400.79776556776784
531,-100.0,-100.0,-100.0,43.49878993128923,43.49878993128923,43.33880986791833,-100.0,-100.0,-100.0,398.45000000000005,398.45000000000005,400.9966558931287
532,-100.0,-100.0,-100.0,43.39462123212774,43.39462123212774,43.09468115043792,-100.0,-100.0,-100.0,402.0,402.0,400.68809092868133
533,-100.0,-100.0,-100.0,43.06210708451082,43.06210708451082,43.30371283027889,-100.0,-100.0,-100.0,401.0,401.0,400.67000215471023
534,-100.0,-100.0,-100.0,41.54612650503252,41.54612650503252,43.068746350563615,-100.0,-100.0,-100.0,400.5,400.5,400.678317626648
535,48.53223272746962,48.53223272746962,48.53223272746962,43.5358051604536,43.5358051604536,42.86528556054207,-100.0,-100.0,-100.0,399.9047619047619,399.9047619047619,400.474823030429
536,-100.0,-100.0,-100.0,42.96587241430863,42.96587241430863,42.632040842987465,-100.0,-100.0,-100.0,401.29999999999995,401.29999999999995,400.36316651357123
537,-100.0,-100.0,-100.0,42.332113973250216,42.332113973250216,42.50865263879301,-100.0,-100.0,-100.0,400.0,400.0,400.41275984078067
538,47.303280893233456,47.303280893233456,47.303280893233456,42.61045837800381,42.61045837800381,42.4833910455053,-100.0,-100.0,-100.0,399.5,399.5,400.66023520339536
539,-100.0,-100.0,-100.0,43.6344382813399,43.6344382813399,42.2100104254827,-100.0,-100.0,-100.0,402.0,402.0,400.4523325281551
540,-100.0,-100.0,-100.0,39.43170308461175,39.43170308461175,41.86756042535129,-100.0,-100.0,-100.0,400.0,400.0,400.7381709930958
541,44.054384629042616,44.054384629042616,44.054384629042616,42.446156937792935,42.446156937792935,41.55550538641435,-100.0,-100.0,-100.0,399.9473684210527,399.9473684210527,400.9127732226516
542,40.89424753523075,40.89424753523075,40.89424753523075,42.716258200700864,42.716258200700864,41.12684349894921,-100.0,-100.0,-100.0,402.0,402.0,401.2191052291384
543,-100.0,-100.0,-100.0,40.87263351235479,40.87263351235479,41.107869217745936,-100.0,-100.0,-100.0,401.5,401.5,401.1008452125812
544,41.31444978880101,41.31444978880101,43.39713630937409,40.36706228565966,40.36706228565966,41.0454680904257,545.0,545.0,545.0555052790377,401.5,401.5,401.43075221991853
545,44.220786940034905,44.220786940034905,43.71240745499599,39.421832788588056,39.421832788588056,41.06182135304762,544.5,544.5,544.9307692307722,401.04999999999995,401.04999999999995,401.3327725422175
546,45.21560000375128,45.21560000375128,44.39257034452862,40.74566676937195,40.74566676937195,41.30773492039968,545.6666666666666,545.6666666666666,544.9310708898975,402.20000000000005,402.20000000000005,401.16064550516785
547,47.76926268689606,47.76926268689606,44.90104998976962,41.87245575035951,41.87245575035951,41.562637554104946,545.6666666666666,545.6666666666666,544.8722473604856,400.9473684210526,400.9473684210526,401.3137519137232
548,45.097186202407904,45.097186202407904,45.311078752966054,42.32069633648623,42.32069633648623,42.19311505921428,545.5,545.5,544.988778280546,401.68421052631584,401.68421052631584,401.4263904104174
549,48.368936285944706,48.368936285944706,45.402879274876796,42.736375717962055,42.736375717962055,41.580205154230114,542.0,542.0,545.1674509803951,399.6190476190476,399.6190476190476,401.3529025051338
550,41.595807445977634,41.595807445977634,45.38823028507248,41.36212443811872,41.36212443811872,41.11349980554624,547.5,547.5,545.4202111613906,402.8947368421052,402.8947368421052,401.6561674548384
551,43.26500260614372,43.26500260614372,45.23221514360701,42.256652463796904,42.256652463796904,41.82946848300051,544.0,544.0,545.7072398190076,399.9047619047619,399.9047619047619,401.90729663525553
552,47.44461538675356,47.44461538675356,44.75078913408444,41.69811957028287,41.69811957028287,40.60581882444811,546.5,546.5,545.9993966817526,402.68421052631584,402.68421052631584,402.1332131233082
553,44.00796218611341,44.00796218611341,44.58536628736371,39.727141721708456,39.727141721708456,39.33545179466785,546.0,546.0,546.0831070889925,403.1,403.1,402.1520617153767
554,44.5229916514025,44.5229916514025,45.017484780872806,41.085639616287956,41.085639616287956,38.694917112949085,547.5,547.5,546.3814479638039,403.20000000000005,403.20000000000005,402.4168121661642
555,44.084431770379254,44.084431770379254,45.56599264996028,29.616049005779683,29.616049005779683,38.74088522995589,546.8,546.8,546.575113122175,402.0,402.0,402.4108271810771
556,45.982566390239896,45.982566390239896,45.405343027823,41.427424432919274,41.427424432919274,37.54648997474207,546.8,546.8,546.7117647058853,403.35,403.35,402.38513795801947
557,-100.0,46.10715529599263,45.936053569198776,42.55597232026208,42.55597232026208,36.89814955525119,-100.0,546.4,546.367963800908,401.66666666666663,401.66666666666663,402.121505460486
558,46.231744201745364,46.231744201745364,45.940745661518896,26.22045239171383,26.22045239171383,36.578738745493055,546.0,546.0,546.2394570135777,401.45000000000005,401.45000000000005,402.0302973497113
559,48.45300792056882,48.45300792056882,46.293908902271596,41.14058893421637,41.14058893421637,36.77565142240262,545.5,545.5,545.9331221719488,401.15,401.15,401.69058823529633
560,48.50909571161993,48.50909571161993,46.79606042523763,42.14321074276736,42.14321074276736,37.29211225046831,546.5,546.5,545.8163800905007,402.29999999999995,402.29999999999995,401.5145741049478
561,43.125900316868474,43.125900316868474,47.005914780111326,37.71852378357892,37.71852378357892,37.82895763269267,545.0,545.0,545.6480542986455,400.68421052631584,400.68421052631584,401.44237199333395
562,43.6650797266503,43.6650797266503,46.99720431948799,29.51099994650553,29.51099994650553,38.87323004430866,545.5,545.5,545.5652488687813,401.42105263157896,401.42105263157896,401.4311383662799
563,49.14908197927302,49.14908197927302,46.643883815237814,42.046151216020604,42.046151216020604,38.565778008994485,545.5,545.5,545.5955397543663,401.9473684210526,401.9473684210526,401.4095419544359
564,48.63576283784392,48.63576283784392,46.31989923326425,41.72906987385113,41.72906987385113,39.47992433578622,544.8,544.8,545.7630963154522,401.25,401.25,401.63352703024754
565,48.28335326989472,48.28335326989472,46.36446117393713,41.200858979455894,41.200858979455894,40.75701440865843,547.5,547.5,545.9221331609597,402.35,402.35,401.7694736842128
566,44.39342739377871,44.39342739377871,46.410581259147456,40.659583870322166,40.659583870322166,40.81909032165953,546.0,546.0,546.1245572075014,401.4,401.4,401.86836151464854
567,45.97380166545178,45.97380166545178,46.328331048334945,40.60014311733594,40.60014311733594,40.97768218453806,546.0,546.0,546.4216806722719,401.9473684210527,401.9473684210527,402.0268659204595
568,44.59313611136546,44.59313611136546,46.639559957788215,41.55484900024505,41.55484900024505,41.4375371040622,546.0,546.0,546.7750420168097,402.0,402.0,402.24135032150735
569,45.21224687025797,45.21224687025797,45.9686397594135,40.92917518264028,40.92917518264028,41.43782136611392,547.5,547.5,546.9108855850063,402.63157894736844,402.63157894736844,402.2464253393688
570,49.85174386470021,46.748649574313546,44.98147056407261,42.20338970050618,42.20338970050618,40.28202687976607,-100.0,547.1785714285714,546.8893923723366,402.5,402.5,402.1570350083375
571,48.28505227836913,48.28505227836913,44.871750291965505,41.27170019119029,41.27170019119029,40.10335511543661,546.8571428571429,546.8571428571429,547.0060374919228,402.4,402.4,402.3335889497522
572,44.54434258172292,44.54434258172292,45.03054172485193,42.030708417429125,42.030708417429125,40.22736257078479,547.5,547.5,546.8693277310955,402.4,402.4,402.41827577994985
573,42.725956290667845,42.725956290667845,45.401586289564975,32.769978923054,32.769978923054,40.4514500915874,547.5,547.5,546.9108920491303,402.8421052631579,402.8421052631579,402.60760895451523
574,45.68173985130564,45.68173985130564,45.09896869317055,40.78695066926832,40.78695066926832,40.296536862185064,546.0,546.0,546.6747575953489,401.7894736842105,401.7894736842105,402.6094617766157
575,42.33080167738115,42.33080167738115,45.18305789665473,40.70384801842933,40.70384801842933,40.229726831148106,546.0,546.0,546.496218487398,402.25,402.25,402.7677018337722
576,45.42253050656816,45.42253050656816,45.02543223387338,41.822034812565455,41.822034812565455,40.20561738375177,546.0,546.0,546.2969941822913,402.6,402.6,402.85375327459144
577,48.19986739058783,48.19986739058783,45.38510518816885,41.681821292461876,41.681821292461876,40.446656849479304,547.5,547.5,546.3110213316126,404.47368421052624,404.47368421052624,403.0099142653035
578,46.37351887113914,46.37351887113914,45.818983016847774,42.421776378106706,42.421776378106706,40.48892890668496,545.5,545.5,546.3983193277342,402.9473684210527,402.9473684210527,403.1031269349868
579,31.165981917923062,45.28262053034328,46.180318266131664,40.22256743189134,40.22256743189134,40.74938290883623,-100.0,545.75,546.4555121349268,403.0,403.0,403.2329054536817
580,44.19172218954743,44.19172218954743,46.24287405569805,38.25300587948185,38.25300587948185,41.182390475425834,546.0,546.0,546.4248704236969,402.95000000000005,402.95000000000005,403.2071636103857
581,47.84908822298549,47.84908822298549,46.20415364532049,41.02102219807213,41.02102219807213,40.45228117297636,547.5,547.5,546.5120567667657,403.95000000000005,403.95000000000005,403.23861157418656
582,46.54811610551591,46.54811610551591,46.23707592995491,40.21162826989475,40.21162826989475,40.1901150633403,547.0,547.0,546.4493870835078,402.7368421052631,402.7368421052631,403.0019923110967
583,48.53661661513205,48.53661661513205,45.89938445250759,41.249117315435036,41.249117315435036,39.947895889494525,547.0,547.0,546.3200370218048,403.04999999999995,403.04999999999995,402.8415243992356
584,43.77394652756298,43.77394652756298,45.746669535187785,37.99004787667009,37.99004787667009,39.983437375464575,546.5,546.5,546.1181242287155,402.70000000000005,402.70000000000005,402.7360014289139
585,43.287947043357036,43.287947043357036,45.756193301531184,41.67131150941203,41.67131150941203,40.21882126797812,545.5,545.5,546.2821102427016,403.0,403.0,402.98493995169144
586,46.3345527286833,46.3345527286833,45.692385921644885,39.95192503274542,39.95192503274542,40.31057663445243,544.9090909090909,544.9090909090909,546.1723268888005,402.04999999999995,402.04999999999995,403.01816611665134
587,46.89172482618209,46.89172482618209,45.758628570600024,39.81539966679907,39.81539966679907,40.22549027507821,546.4,546.4,546.0319365601749,403.0526315789474,403.0526315789474,403.15375565611083
588,45.05960508553982,45.05960508553982,45.6787180160013,39.829326349145546,39.829326349145546,40.23593539161223,545.9090909090909,545.9090909090909,546.0525682161007,402.7894736842105,402.7894736842105,403.3024325519704
589,46.333231089214514,46.333231089214514,45.46289365118012,40.83124324046802,40.83124324046802,40.005716447223946,546.0,546.0,546.2165747977543,404.3809523809524,404.3809523809524,403.6376238106601
590,45.484495101156526,45.484495101156526,45.657460922120194,40.95749607236298,40.95749607236298,39.74640206503259,546.5,546.5,546.2624178435973,404.25,404.25,403.70234443575225
591,44.95996743423175,44.95996743423175,45.93121214611621,39.796734841089176,39.796734841089176,39.769140898924014,547.5,547.5,546.3060098724835,404.2631578947369,404.2631578947369,403.66327697070955
592,46.66863340545456,46.66863340545456,45.970510578754656,37.490131798490694,37.490131798490694,39.99276677641125,546.0,546.0,546.5172603866752,403.1578947368421,403.1578947368421,403.8028862881207
593,47.19400898303005,47.19400898303005,45.914545845119285,39.96053939589867,39.96053939589867,39.45987911551516,546.8888888888889,546.8888888888889,546.738703322824,404.36842105263156,404.36842105263156,403.83048412887644
594,44.924638498052786,44.924638498052786,45.73586298396093,40.53861442876403,40.53861442876403,38.81557662034601,547.5,547.5,546.9983708297766,403.68421052631584,403.68421052631584,403.82166706358885
595,43.38301455393095,43.38301455393095,46.28345218020593,36.1092298442077,36.1092298442077,38.535385728863154,546.0,546.0,547.2329689164561,403.36842105263156,403.36842105263156,403.6757468331485
596,48.58264477152574,48.58264477152574,46.01666067294828,39.85756683069006,39.85756683069006,38.10199572473677,546.0,546.0,547.4081989403287,402.25,402.25,403.4465981696345
597,44.73927368708503,44.73927368708503,45.79958895635807,40.006339140916694,40.006339140916694,37.64151823293996,547.4166666666667,547.4166666666667,547.4424237150512,403.36842105263156,403.36842105263156,403.42573946177885
598,47.32585754334318,47.32585754334318,45.56271935210887,38.76101019958471,38.76101019958471,37.57070450923154,549.0,549.0,547.2451386471779,404.9473684210527,404.9473684210527,403.1624267682804
599,35.983343454416506,45.667292929935435,45.33542012095077,30.35681268740041,30.35681268740041,37.523786378402626,-100.0,548.4615384615385,547.2396469041296,402.79999999999995,402.79999999999995,403.0962205286995
600,44.00872831652769,44.00872831652769,45.05460757622673,38.89346047776736,38.89346047776736,37.38157466900701,547.9230769230769,547.9230769230769,547.0675774451822,403.63157894736844,403.63157894736844,402.94290307216227
601,47.51396117832563,47.51396117832563,45.0530673159168,39.80175355362491,39.80175355362491,37.465118343828095,546.0,546.0,546.9947847778194,401.9473684210526,401.9473684210526,402.9287497023123
602,40.25735190238873,40.25735190238873,44.43470246500651,36.3176202926316,36.3176202926316,37.80744512150341,546.5,546.5,546.7303689523177,403.0,403.0,402.83532269588216
603,44.54876301645983,44.54876301645983,43.720905063774794,37.42420371951608,37.42420371951608,37.77220625791693,545.5,545.5,546.8737266504265,402.7894736842105,402.7894736842105,403.1353465110763
604,45.120986008998926,45.120986008998926,43.619558695277355,40.06794920879363,40.06794920879363,38.081122652464686,545.4166666666667,545.4166666666667,546.712188188888,401.63157894736844,401.63157894736844,403.1295117885233
605,44.445218941715076,44.445218941715076,43.77562429993582,38.69337264878721,38.69337264878721,38.79220066123221,547.5,547.5,546.4790114862544,404.25,404.25,403.0666444391544
606,42.65672081607611,42.65672081607611,44.365338302650834,39.065945275555,39.065945275555,39.38186851865895,546.9230769230769,546.9230769230769,546.5754785938075,403.31578947368416,403.31578947368416,403.34919980948075
607,44.213628230589585,44.213628230589585,44.90027190257676,38.215235692486615,38.215235692486615,38.840248459467766,547.0,547.0,546.6333681401585,403.45000000000005,403.45000000000005,403.35584186711344
608,42.18972205129347,42.18972205129347,44.686114191482545,39.057783009166364,39.057783009166364,38.783946679406185,546.5,546.5,546.8031152105843,403.95000000000005,403.95000000000005,403.5598142414883
609,46.57920014775081,46.57920014775081,45.10747753982161,39.02182610731273,39.02182610731273,39.26860864697643,550.0,550.0,546.7824573616459,405.52631578947376,405.52631578947376,403.56082638723734
610,46.83623555967829,46.83623555967829,44.85626594121774,38.89421258780662,38.89421258780662,38.857175965039445,544.5,544.5,546.7865529643841,401.75,401.75,403.5265682305333
611,48.61024760614464,48.61024760614464,44.86556354198109,39.844357033629045,39.844357033629045,38.39798097205089,545.5,545.5,546.6058545074865,402.57894736842104,402.57894736842104,403.4362729221266
612,44.37767123057365,44.37767123057365,44.81720326270717,37.43152438267991,37.43152438267991,38.87368745849066,547.0,547.0,546.437209653095,403.95000000000005,403.95000000000005,403.31371278876145
613,42.54204128418139,42.54204128418139,44.50550326260581,37.854498545629866,37.854498545629866,37.99704172519601,546.0,546.0,546.5314027149352,402.8421052631579,402.8421052631579,403.3505906168158
614,40.634178195572424,40.634178195572424,44.4167464640161,37.86717203488396,37.86717203488396,37.385089943808886,547.0,547.0,546.5261990950256,403.95000000000005,403.95000000000005,403.2892260061942
615,45.77840002090832,45.77840002090832,44.02237761785759,39.17640436766032,39.17640436766032,36.810960459276345,546.5,546.5,546.6016892911041,403.04999999999995,403.04999999999995,403.2668349607072
616,38.31490486563716,44.56097977196531,43.62362254655964,34.16493229430739,34.16493229430739,36.86135964837209,-100.0,546.75,546.7447511312248,402.8947368421052,402.8947368421052,403.3027935222694
617,43.343559523022286,43.343559523022286,43.415603770199375,37.67317928610194,37.67317928610194,36.3318821564866,547.0,547.0,547.4028959276048,403.8421052631579,403.8421052631579,403.7046511074087
618,43.015560394927725,43.015560394927725,43.85490845240463,38.01764883080926,38.01764883080926,36.07775042405634,547.9333333333334,547.9333333333334,547.6417345399728,404.42105263157896,404.42105263157896,403.83817099309584
619,43.90713518107858,43.90713518107858,44.370396995186155,28.775411052725303,28.775411052725303,36.22950160583979,547.5,547.5,547.2979185520393,402.95000000000005,402.95000000000005,403.5352536318194
620,46.82767530826969,46.82767530826969,44.652607964615946,39.156897940469506,39.156897940469506,36.3777321420632,547.0,547.0,547.279592760184,403.47368421052636,403.47368421052636,403.4399642772111
621,42.52953511128792,42.52953511128792,44.970854112876474,38.65839543815787,38.65839543815787,36.738091719009304,548.0,548.0,547.0641327300182,403.79999999999995,403.79999999999995,403.1944058109096
622,46.44517159031262,46.44517159031262,44.615012521165404,38.905556505547736,38.905556505547736,37.235950972019964,548.0,548.0,547.1221266968356,403.63157894736844,403.63157894736844,403.3100357227934
623,44.04550479729696,44.04550479729696,44.579324277999774,33.493594656527826,33.493594656527826,37.782914371467015,547.0,547.0,546.904705882356,403.85,403.85,403.1640080971682
624,46.97034581353297,46.97034581353297,44.852029933793794,39.74051184608204,39.74051184608204,38.18809248770793,546.0,546.0,546.7804223227782,402.52631578947376,402.52631578947376,403.051476542036
625,42.303775679158115,42.303775679158115,44.96486382053934,39.57192781777387,39.57192781777387,38.67114723543126,543.5,543.5,546.690226244347,400.31578947368416,400.31578947368416,403.01004763039043
626,45.045105230478356,45.045105230478356,44.39342231413854,39.296439229227026,39.296439229227026,39.05973153138717,548.5,548.5,546.6352941176501,403.9473684210526,403.9473684210526,403.05621338414136
627,45.18706169858548,45.18706169858548,44.04224949550882,38.94317891098359,38.94317891098359,38.253435920909894,547.0,547.0,546.8642533936682,403.63157894736844,403.63157894736844,403.142029054539
628,42.17840040724183,42.17840040724183,44.373794835301126,38.24391886468421,38.24391886468421,38.46093766822504,548.0,548.0,547.1072398190075,404.57894736842104,404.57894736842104,403.34266015718254
629,44.47677399354664,44.47677399354664,44.04342806490447,37.48150241364171,37.48150241364171,38.39829243932276,546.0,546.0,547.2072398190076,402.25,402.25,403.34586806382697
630,46.40585166151452,46.40585166151452,44.01345200900335,39.84314413409037,39.84314413409037,39.026290415855605,548.0,548.0,547.3443438914057,403.85,403.85,403.45419623720153
631,42.743722919473846,42.743722919473846,43.77984202336847,35.95495511024154,35.95495511024154,37.68230178716106,547.5,547.5,547.4185520362021,403.29999999999995,403.29999999999995,403.50261014527484
632,41.256465425511536,41.256465425511536,44.32342946335909,36.87978904520329,36.87978904520329,37.098643047489254,547.5,547.5,547.3868778280573,403.65,403.65,403.37625863301014
633,46.609817500461666,46.609817500461666,44.306132699928845,38.404630025068364,38.404630025068364,36.75970709559431,549.0,549.0,547.022322775267,404.31578947368416,404.31578947368416,403.015722791143
634,45.91230418342001,45.91230418342001,44.46773753304965,38.46171080517584,38.46171080517584,36.3656106903932,546.5,546.5,547.1467823026677,402.85,402.85,403.08545606096914
635,42.57284153650146,42.57284153650146,44.89513124165715,35.64817266899747,35.64817266899747,36.264977093354645,545.0,545.0,547.2296128707924,401.42105263157896,401.42105263157896,403.1888925934769
636,44.26526999156822,44.26526999156822,45.02824471460085,37.40903865441509,37.40903865441509,36.14865956132926,547.0,547.0,547.4743086978411,403.42105263157896,403.42105263157896,403.35269349845424
637,31.758723625450745,45.70869178902156,45.02839639942806,28.395343159174118,28.395343159174118,36.05208045372522,-100.0,547.5,547.5115080310158,402.45000000000005,402.45000000000005,403.3781638485376
638,47.15211358647489,47.15211358647489,45.1330110048725,38.9197526119625,38.9197526119625,36.46465516489491,548.0,548.0,547.6352094414044,403.63157894736844,403.63157894736844,403.45974041438666
639,43.826901852960724,43.826901852960724,44.68897062825393,37.82583844274756,37.82583844274756,36.55453178975954,548.5,548.5,547.6454605593955,404.7894736842105,404.7894736842105,403.47297213622517
640,37.88966821613585,44.58503537409615,44.25146101086843,36.65238736459068,36.65238736459068,36.87295762152151,-100.0,548.4722222222222,547.8128496202829,404.6,404.6,403.51997380328874
641,45.343168895231585,45.343168895231585,43.573660328684156,38.60146648165441,38.60146648165441,36.9774406936856,548.4444444444445,548.4444444444445,547.9334981496003,403.6,403.6,403.6546963562775
642,17.732304999634177,43.098284068048955,43.36955599720197,37.15748455446105,37.15748455446105,37.35095560987571,-100.0,547.9722222222222,548.0933574509456,403.04999999999995,403.04999999999995,403.7667444629696
643,40.85339924086633,40.85339924086633,42.71642384931636,37.91520734451116,37.91520734451116,37.47754064097312,547.5,547.5,548.047889709193,403.8421052631579,403.8421052631579,403.7630888306762
644,41.851508061308486,41.851508061308486,42.443159241346315,38.14558633855241,38.14558633855241,37.988926139077336,546.9473684210526,546.9473684210526,548.0233392682339,402.7894736842105,402.7894736842105,403.7675065491806
645,42.26797920446981,42.26797920446981,42.54263757870987,36.97382739611364,36.97382739611364,37.055416988484126,547.5,547.5,547.9477604267108,403.36842105263156,403.36842105263156,403.7059966658751
646,43.75541941347084,43.75541941347084,42.89888864408729,36.839332901944786,36.839332901944786,38.23695559261732,548.5,548.5,547.8596147230852,403.65,403.65,403.57598952131684
647,39.42307054434189,39.42307054434189,43.03501150095234,34.35508471471183,34.35508471471183,37.11481933793864,547.0,547.0,547.8018885826966,403.9473684210526,403.9473684210526,403.5781185996688
648,46.644758228785534,46.644758228785534,43.592659689891946,38.14065287660728,38.14065287660728,36.11601620059283,549.952380952381,549.952380952381,547.6817895039287,404.68421052631584,404.68421052631584,403.675460824008
649,43.969523805127785,43.969523805127785,44.17732385164818,37.34501859682742,37.34501859682742,35.55002656769546,548.0,548.0,547.6517357874354,404.1052631578948,404.1052631578948,403.6246868301999
650,46.18997759186607,46.18997759186607,44.520483525355715,37.66103080541292,37.66103080541292,34.95608823718119,547.0,547.0,547.6379807550582,402.7894736842105,402.7894736842105,403.5135222672087
651,29.47598393046409,44.99828964532357,44.74662600266434,35.34087334221135,35.34087334221135,34.55997683412448,-100.0,547.0,547.4723684777584,403.63157894736844,403.63157894736844,403.4170707311287
652,43.80660169878107,43.80660169878107,44.98196291037194,37.53404906619782,37.53404906619782,34.43150807893345,547.0,547.0,547.5149956905869,402.4,402.4,403.36825910931395
653,34.40329787112302,44.7437346478668,45.11462269941778,19.889630679297635,19.889630679297635,34.843959860857225,-100.0,547.0,547.410583925881,403.31578947368416,403.31578947368416,403.26778756847096
654,45.68086759695254,45.68086759695254,45.081782674058836,37.6475907931862,37.6475907931862,34.68334888430905,547.0,547.0,547.4721600948102,403.4,403.4,403.18254108121204
655,43.00362997348402,43.00362997348402,43.960146499769756,36.91289656910169,36.91289656910169,34.25001545221342,547.952380952381,547.952380952381,547.167791424265,402.7368421052631,402.7368421052631,403.01888544891864
656,27.412649309566852,44.27272681554302,43.860998066347584,36.05070622184826,36.05070622184826,34.47064833666191,-100.0,547.7011904761905,547.1646186166805,403.35,403.35,402.9691950464419
657,45.541823657602016,45.541823657602016,43.63030176023243,36.43246656491148,36.43246656491148,34.788328426601076,547.45,547.45,547.2905235940561,403.2631578947369,403.2631578947369,403.11414146225513
658,43.79581855026579,43.79581855026579,43.706005896069485,37.00605148639433,37.00605148639433,35.39251533641189,548.952380952381,548.952380952381,547.4577558715824,404.1052631578948,404.1052631578948,403.1319314122432
659,42.40844475436583,42.40844475436583,43.53450542625133,36.95283724256667,36.95283724256667,35.811803993532564,546.0,546.0,547.4932385261827,402.4,402.4,403.21609430817085
660,41.01931784305859,41.01931784305859,43.27258846650845,30.601106015715562,30.601106015715562,36.93168126665876,547.0,547.0,547.4910892049157,402.70000000000005,402.70000000000005,403.24453203143827
661,41.845764994221746,41.845764994221746,43.15907070318775,35.648329318555355,35.648329318555355,35.087897024245045,546.0,546.0,547.4716698987318,402.4,402.4,403.11310311979264
662,46.80622261847995,46.80622261847995,43.35981134745015,36.70806988695733,36.70806988695733,34.77884439582572,547.952380952381,547.952380952381,547.6272882999383,403.6,403.6,403.22651583710626
663,44.17790499099706,44.17790499099706,43.48277084733306,35.266821803060104,35.266821803060104,34.7423856552498,549.5,549.5,547.7102156666892,404.42105263157896,404.42105263157896,403.19247916170735
664,18.70258524446472,43.21819706984906,43.450749700315086,35.351650138689635,35.351650138689635,34.475976771390734,-100.0,548.25,547.7801576854548,403.04999999999995,403.04999999999995,403.2198237675659
665,42.25848914870107,42.25848914870107,44.003195317452445,34.505097417896366,34.505097417896366,34.487483945047344,547.0,547.0,547.8776733070881,403.0526315789473,403.0526315789473,403.1988997380351
666,44.164764775824445,44.164764775824445,44.18295764666768,35.06030675937162,35.06030675937162,34.66246652220915,548.0,548.0,548.2468521674434,403.25,403.25,403.2630983567538
667,37.14229281086131,44.64384113187543,44.50852745982812,30.26310000379535,30.26310000379535,35.10082112988738,-100.0,548.5,548.3143092201947,402.1578947368421,402.1578947368421,403.17550845439615
668,45.12291748792642,45.12291748792642,44.66886858359514,36.89219657702444,36.89219657702444,35.04106968750702,549.0,549.0,548.4042849307585,404.54999999999995,404.54999999999995,403.18454155751596
669,44.56544821771904,44.56544821771904,43.95034065870682,36.46571247695478,36.46571247695478,35.13910806288327,547.0,547.0,548.1529783941579,402.6,402.6,402.9802381519432
670,42.98020942220466,42.98020942220466,44.25340306686474,34.46186373439398,34.46186373439398,35.98053185593829,548.4545454545455,548.4545454545455,548.2116242580979,403.04999999999995,403.04999999999995,403.0680542986447
671,46.133984698497095,46.133984698497095,44.087288033746795,37.008320804636554,37.008320804636554,36.04603741671893,548.952380952381,548.952380952381,548.6354024406996,402.79999999999995,402.79999999999995,403.4055870445366
672,42.826393831580695,42.826393831580695,43.790147401576654,36.29677995349515,36.29677995349515,36.23259700016674,548.952380952381,548.952380952381,548.7166903343916,403.15,403.15,403.48469397475816
673,45.55223188369004,45.55223188369004,43.489723742314204,37.283052066303796,37.283052066303796,36.16046912044706,548.5,548.5,548.8334438707103,403.70000000000005,403.70000000000005,403.60832579185745
674,32.276200554852444,42.353218977595574,43.145375173028825,37.08898093081533,37.08898093081533,36.21424570399888,-100.0,548.5,548.8648879168603,404.0,404.0,403.6243296022885
675,39.154206071501115,39.154206071501115,43.188933548985105,35.07250390175784,35.07250390175784,35.70148825178154,548.5,548.5,548.8950870016629,403.1578947368421,403.1578947368421,403.4071517027886
676,46.238475985314444,46.238475985314444,43.294191002319884,37.50404624517938,37.50404624517938,35.81010970803495,550.5,550.5,549.0594729567138,404.95000000000005,404.95000000000005,403.45704929745403
677,41.55188250894359,41.55188250894359,43.276520618232,30.771258561938946,30.771258561938946,35.528773765266386,549.45,549.45,548.9413037005651,403.63157894736844,403.63157894736844,403.25754465349115
678,44.035788895347444,44.035788895347444,43.38337641033262,35.9624304816952,35.9624304816952,35.18094461760526,547.5,547.5,548.9684161022299,402.0526315789474,402.0526315789474,403.0962967373207
679,44.88161601620885,44.88161601620885,44.06131049693835,34.95646844478845,34.95646844478845,35.06183404788189,549.9565217391305,549.9565217391305,549.0586707325101,402.9473684210526,402.9473684210526,402.90729459395317
680,43.59499709218812,43.59499709218812,44.202741283631866,36.66819653041766,36.66819653041766,34.99566497991388,548.0,548.0,549.0125004918386,401.79999999999995,401.79999999999995,402.6511645629935
681,46.1745983053643,46.1745983053643,44.96486521839302,36.2357281807842,36.2357281807842,35.19139035586574,548.9565217391304,548.9565217391304,549.003982283704,402.25,402.25,402.449480828771
682,43.89274745681775,43.89274745681775,45.41904217000799,35.08116032813803,35.08116032813803,35.642138276106934,549.5,549.5,548.9616346483897,402.70000000000005,402.70000000000005,402.3115313169825
683,44.59503178522212,44.59503178522212,45.27192913583906,33.170398976287636,33.170398976287636,35.63091392689558,549.0,549.0,548.8928619462409,402.2105263157895,402.2105263157895,402.03595379852567
684,47.083241349510715,47.083241349510715,45.36497564969752,36.76112344976387,36.76112344976387,35.77785078820316,549.5,549.5,548.9958336548392,402.65,402.65,402.0512002857846
685,45.58352999490004,45.58352999490004,44.965668744703756,35.680042711230705,35.680042711230705,35.222452893852285,548.952380952381,548.952380952381,549.2801802417562,402.2631578947369,402.2631578947369,402.0861586091949
686,43.75336473336976,43.75336473336976,44.693832941233374,36.219939773736186,36.219939773736186,35.38638884806663,548.5,548.5,549.3431189015619,401.6,401.6,402.0588902119574
687,46.51763014720628,46.51763014720628,44.45350193218536,35.92804654745813,35.92804654745813,35.0631480447657,550.0,550.0,549.5868648614843,401.9473684210526,401.9473684210526,402.1997332698284
688,43.72741834893982,43.72741834893982,44.03797013944553,35.088745124340505,35.088745124340505,35.04424378051491,549.4545454545455,549.4545454545455,549.6108377555978,401.7894736842105,401.7894736842105,402.07043343653476
689,35.79014354045684,42.643171329799,43.93060494031308,32.454146306975666,32.454146306975666,34.83996007878889,-100.0,549.7272727272727,549.8989348886439,401.63157894736844,401.63157894736844,402.0875017861418
690,41.55892431065819,41.55892431065819,43.595101396360015,34.27658937734327,34.27658937734327,34.688877012905024,550.0,550.0,549.9684903331993,402.52631578947376,402.52631578947376,402.09872112407936
691,44.298380622289194,44.298380622289194,43.42089476936795,35.95423843441868,35.95423843441868,34.36808908937611,551.4583333333334,551.4583333333334,550.1616427689987,402.65,402.65,402.04926887354355
692,44.02072347548913,44.02072347548913,43.658942153482016,35.995900077283764,35.995900077283764,34.42218434782889,550.0,550.0,550.4987130516573,402.65,402.65,402.1809192664943
693,43.93759424646065,43.93759424646065,44.38456795017125,32.18296099463283,32.18296099463283,34.67522851068447,550.0,550.0,550.7210715754865,402.1578947368421,402.1578947368421,402.25343653251
694,24.499335020548802,44.32186085090244,44.22478579523855,35.11611014279004,35.11611014279004,34.97698268956757,-100.0,550.75,550.7585057738542,401.25,401.25,402.32797570850425
695,44.70612745534422,44.70612745534422,44.56470530270721,33.99960560385711,33.99960560385711,35.396950657662146,551.5,551.5,550.9238455278768,402.75,402.75,402.3492593474659
696,44.816329976138796,44.816329976138796,44.602816741518886,36.52927766406754,36.52927766406754,35.60917512183047,549.5,549.5,550.9003013610461,401.70000000000005,401.70000000000005,402.26585139319104
697,45.74874730282372,45.74874730282372,44.558123470064245,36.24154688432645,36.24154688432645,35.39350942533943,552.4545454545455,552.4545454545455,550.9110496068328,402.29999999999995,402.29999999999995,402.08819004525105
698,45.48218008085614,45.48218008085614,44.32276224789697,36.092748180664564,36.092748180664564,35.322696515661036,551.5,551.5,550.8672687925916,402.8947368421052,402.8947368421052,401.9944058109096
699,45.468770193328766,45.468770193328766,44.26216235508346,36.66532192931365,36.66532192931365,35.43589627741886,550.5,550.5,550.8577769630231,401.9,401.9,401.803053107885
700,39.152402909699404,39.152402909699404,44.16696444667072,34.581825949130895,34.581825949130895,35.53329408120614,550.5,550.5,550.9154549627726,402.25,402.25,401.85550845439616
701,44.94752098072515,44.94752098072515,44.01333769451993,34.904259314216354,34.904259314216354,35.06514525107767,550.9565217391305,550.9565217391305,550.9032364268329,401.1578947368421,401.1578947368421,401.766630150038
702,43.79176300141741,43.79176300141741,44.02325098359309,33.60830810381912,33.60830810381912,34.9395764096313,550.5,550.5,551.1787005407241,401.20000000000005,401.20000000000005,401.75076684925205
703,44.99151743768987,44.99151743768987,44.36146900552515,34.62695184837688,34.62695184837688,34.70241505460233,551.4583333333334,551.4583333333334,551.5090418745821,401.45000000000005,401.45000000000005,401.81830673970217
704,44.74368991431464,44.74368991431464,44.427812647288604,35.47444381393335,35.47444381393335,34.852753681272745,551.0,551.0,551.5996902926602,401.68421052631584,401.68421052631584,401.81509168849954
705,44.47378680323867,44.47378680323867,44.48485067210356,34.84514684245532,34.84514684245532,34.935834019883245,551.4583333333334,551.4583333333334,551.9534018624204,401.52631578947376,401.52631578947376,401.8674636818313
706,44.851542287581225,44.851542287581225,45.07980813534048,34.45142969434672,34.45142969434672,35.32823730701112,553.5,553.5,552.107321791596,403.2631578947369,403.2631578947369,401.9348749702333
707,45.2034386062595,45.2034386062595,45.28834218662658,35.10658526025801,35.10658526025801,35.50279168828675,552.4583333333334,552.4583333333334,551.9876532887433,401.63157894736844,401.63157894736844,401.8910478685424
708,46.194265990266345,46.194265990266345,44.56820496197248,36.77287409211756,36.77287409211756,35.543007980323566,553.5,553.5,551.9147583448125,403.0526315789473,403.0526315789473,401.9685186949297
709,45.54081887200727,45.54081887200727,44.472662412701084,36.15421012344942,36.15421012344942,35.810924855563904,551.5,551.5,551.995286576172,401.4,401.4,402.06541319361975
710,42.13810120241528,42.13810120241528,44.365939046866266,36.118481918022034,36.118481918022034,35.535217873854364,551.5,551.5,552.0519607843169,401.8421052631579,401.8421052631579,402.02542986425567
711,27.67159250406938,44.127211067956615,44.46949253091587,34.78482542302615,34.78482542302615,35.14036687713441,-100.0,551.0,552.243363499249,401.45000000000005,401.45000000000005,401.98396761133824
712,46.11632093349795,46.11632093349795,44.253402043053526,35.74079640717089,35.74079640717089,34.64143746341219,550.5,550.5,551.8615384615415,401.15,401.15,401.7060204810691
713,40.76325747829664,40.76325747829664,44.46092915145241,32.34112458777771,32.34112458777771,34.10967291566618,551.5,551.5,551.8099924585249,401.85,401.85,401.59367944748976
714,44.20312795987959,44.20312795987959,44.60655516935885,34.89370701173997,34.89370701173997,33.62557553294002,553.5,553.5,551.8925339366547,402.6,402.6,401.70340795427705
715,46.41828530035127,46.41828530035127,44.150066623170005,34.285324579965035,34.285324579965035,33.29084770153046,553.5,553.5,551.9434389140301,402.36842105263156,402.36842105263156,401.63659442724685
716,36.32430333111667,45.51099153065748,44.04729695946308,30.717052270909075,30.717052270909075,33.197524875993146,-100.0,552.5,552.0538461538492,400.85,400.85,401.7069802333911
717,44.60369776096369,44.60369776096369,44.08741899010499,32.31717503821122,32.31717503821122,33.337503075059985,551.5,551.5,552.0076923076954,401.29999999999995,401.29999999999995,401.6217242200546
718,43.09171744496664,43.09171744496664,43.85162484023665,32.90200293614101,32.90200293614101,33.54402086326803,549.5,549.5,551.956334841632,400.70000000000005,400.70000000000005,401.5681757561347
719,46.190807990594955,46.190807990594955,43.92473877634359,34.70062768436223,34.70062768436223,33.80478727316047,554.0,554.0,551.8384615384646,403.1578947368421,403.1578947368421,401.6053846153868
720,41.27312864079496,41.27312864079496,44.354370349115996,35.236744480936466,35.236744480936466,34.21416362506406,551.0,551.0,551.6212669683289,401.54999999999995,401.54999999999995,401.55392712550827
721,39.926318663053934,39.926318663053934,43.95885540150281,34.954709777891644,34.954709777891644,34.347858238697825,551.5,551.5,551.5257918552066,401.1578947368421,401.1578947368421,401.66894022386504
722,45.8814649061446,45.8814649061446,44.0304122384318,34.57501095581046,34.57501095581046,34.547384784680986,551.0,551.0,551.6800904977406,401.36842105263156,401.36842105263156,401.8221814717812
723,45.52646273463645,45.52646273463645,44.09047194699578,35.207866123958176,35.207866123958176,34.74519563023614,552.0,552.0,551.9520361990981,401.7894736842105,401.7894736842105,402.039335556087
724,38.18331257176287,45.62985758279578,44.564823518566286,33.884862324190664,33.884862324190664,34.434885803886466,-100.0,552.25,552.2122171945732,402.2631578947369,402.2631578947369,402.0675327458941
725,45.7332524309551,45.7332524309551,44.455943859743726,34.49171690035052,34.49171690035052,34.07737258469643,552.5,552.5,552.4633484162925,402.9473684210526,402.9473684210526,402.2260824005738
726,38.07890213177016,44.4945713113714,44.40440392912364,33.48447684468257,33.48447684468257,33.678523132417304,-100.0,552.75,552.2575746606365,402.1,402.1,402.17552750655136
727,43.25589019178771,43.25589019178771,44.93635888064475,33.54749306890059,33.54749306890059,33.53961676505135,553.0,553.0,552.5624615384645,402.70000000000005,402.70000000000005,402.3967349368919
728,45.44378392902108,45.44378392902108,45.044776055549825,32.33853534156841,32.33853534156841,33.49906965412561,552.5,552.5,552.5595656108628,401.7368421052631,401.7368421052631,402.41210764467957
729,42.929429871741185,42.929429871741185,44.67068150160211,33.53600030214413,33.53600030214413,33.49033196459689,552.5,552.5,552.5457194570166,402.45000000000005,402.45000000000005,402.3113955703761
730,45.84569441544256,45.84569441544256,44.346118185599195,33.26991567589398,33.26991567589398,33.38186640343657,552.5,552.5,552.3969411764735,402.29999999999995,402.29999999999995,402.17195760895675
731,41.61260889300533,41.61260889300533,44.566362582500965,33.66131056178087,33.66131056178087,33.59883613134156,552.5,552.5,552.4996561086003,402.85,402.85,402.2203262681613
732,47.068220776635265,47.068220776635265,44.584969788755224,34.228890879336554,34.228890879336554,33.66472690682281,551.5,551.5,552.6011493212701,401.54999999999995,401.54999999999995,402.15995475113345
733,46.3203798084196,46.3203798084196,44.524185779361716,34.56105127912243,34.56105127912243,33.789948485087656,552.96,552.96,552.7116018099579,402.15,402.15,402.3316861157441
734,44.57663085015148,44.57663085015148,44.323582564712446,33.67501822507447,33.67501822507447,33.9272042526207,552.5,552.5,552.9493393665189,401.75,401.75,402.44929507025705
735,42.884134255763364,42.884134255763364,43.90994557882995,11.392640221701852,33.61061190841742,34.04671477983648,553.0,553.0,552.9937737556592,-100.0,402.3,402.41683972374597
736,42.46902200987342,42.46902200987342,43.98677133157934,33.54620559176037,33.54620559176037,33.9927203221563,553.5,553.5,552.9245429864284,402.85,402.85,402.23546082400793
737,46.819558779821804,46.819558779821804,43.85380803389316,35.00113342853583,35.00113342853583,34.13683962069084,554.5,554.5,552.9267149321297,403.42105263157896,403.42105263157896,402.12471540843285
738,41.56512215203784,41.56512215203784,44.3357252733818,33.39832305133371,33.39832305133371,34.14989005749905,553.0,553.0,553.1482533936683,401.68421052631584,401.68421052631584,402.1914027149344
739,30.16465450012337,42.89865806673282,44.18115020512714,34.00898196645894,34.00898196645894,34.2805916081271,-100.0,553.0,553.367891402718,403.0,403.0,402.24334603477246
740,44.232193981427805,44.232193981427805,44.74233425662797,34.72346766673698,34.72346766673698,34.350745968440194,553.0,553.0,553.4335927601841,401.52631578947376,401.52631578947376,402.24199571326733
741,45.3633670392189,45.3633670392189,45.093130764701854,34.182687884115836,34.182687884115836,34.34819103662645,551.5,551.5,553.5954751131253,400.52631578947376,400.52631578947376,402.2930531078851
742,47.31698924434548,47.31698924434548,44.97531406977561,34.585137361090275,34.585137361090275,34.19465081273742,553.5,553.5,553.7479638009081,402.15,402.15,402.2934412955488
743,46.19255889283371,46.19255889283371,45.02581918174097,35.01368924626738,35.01368924626738,34.12881928524148,555.0,555.0,553.779185520365,402.9,402.9,402.19189330793273
744,46.691286472732294,46.691286472732294,45.10015374606077,33.80457427393173,33.80457427393173,34.10128501776022,555.5,555.5,553.9230769230801,403.47368421052636,403.47368421052636,402.2656227673278
745,43.73917046067118,43.73917046067118,45.547682133608376,34.342436422629724,34.342436422629724,34.3685061781836,554.0,554.0,554.0782805429894,401.9473684210526,401.9473684210526,402.3836865920479
746,44.72670589650792,44.72670589650792,45.634898139300276,32.770258816131346,32.770258816131346,33.93100389267113,554.0,554.0,554.1447963800936,402.95000000000005,402.95000000000005,402.3809835675183
747,42.04213427096095,42.04213427096095,44.92711357909654,33.047021088157315,33.047021088157315,33.73512539121511,554.0,554.0,554.1194570135776,402.35,402.35,402.5010002381542
748,43.61849419537774,43.61849419537774,44.420687120338044,33.99768422189832,33.99768422189832,33.45219377578889,554.0,554.0,554.1330316742112,402.04999999999995,402.04999999999995,402.4839699928576
749,48.04258757102338,48.04258757102338,43.92263756704906,34.973434754270386,34.973434754270386,33.29776641089502,553.0,553.0,553.8040723981931,401.54999999999995,401.54999999999995,402.2707120743056
750,45.67686927792347,45.67686927792347,43.80533395567285,34.099142711585785,34.099142711585785,33.19051596676669,554.0,554.0,553.5665158371071,402.79999999999995,402.79999999999995,402.15800904977596
751,43.60359188611336,43.60359188611336,43.76209825109283,32.95961928705328,32.95961928705328,33.314576892645235,553.0,553.0,553.4515837104103,401.7894736842105,401.7894736842105,402.0377661347962
752,43.390849725307035,43.390849725307035,43.96492408279535,30.08474948322076,30.08474948322076,33.49273728451831,554.0,554.0,553.5009049773787,402.36842105263156,402.36842105263156,402.09564896404123
753,39.14714747469338,39.14714747469338,43.64382296206995,34.63626943296591,34.63626943296591,33.52705287024515,553.5,553.5,553.5556561086004,402.0,402.0,402.04130983567734
754,45.161260265836276,45.161260265836276,43.67178283145932,32.7995953661597,32.7995953661597,33.416084832854956,554.0,554.0,553.4782805429895,402.1052631578947,402.1052631578947,401.915117885213
755,43.83526156384017,43.83526156384017,43.63054932714901,34.79902642851684,34.79902642851684,33.51224466422153,553.0,553.0,553.6714932126727,401.9,401.9,401.98444391522014
756,44.90435670255137,44.90435670255137,43.88284331567365,33.882324964219436,33.882324964219436,33.676432161057335,553.5,553.5,553.6853811347055,401.79999999999995,401.79999999999995,401.88528221005225
757,44.485979435837685,44.485979435837685,44.39934966493939,34.60502493313418,34.60502493313418,33.69788401181747,553.5,553.5,553.5584058475492,401.42105263157896,401.42105263157896,401.64759466539874
758,44.21363622174214,44.21363622174214,44.8179202364421,33.84967919390217,33.84967919390217,33.90727311830391,554.0,554.0,553.5774451792582,402.15,402.15,401.6441748035269
759,43.599259830899804,43.599259830899804,45.06615546282837,32.22749609830781,32.22749609830781,33.92125945863916,554.0,554.0,553.5187434737239,401.42105263157896,401.42105263157896,401.5295379852368
760,47.40930415868237,47.40930415868237,45.38296747518018,34.316073860343906,34.316073860343906,33.555591683028865,553.0,553.0,553.5169161155618,400.79999999999995,400.79999999999995,401.4616884972635
761,46.934198252076555,46.934198252076555,45.0731825235991,34.81491353437505,34.81491353437505,33.62598861725978,554.6153846153846,554.6153846153846,553.5719631047716,402.65,402.65,401.4875113122194
762,45.39109212444369,45.39109212444369,45.4880308303688,32.65383283374183,32.65383283374183,33.53923318457895,552.0,552.0,553.6897667942948,400.35,400.35,401.5157323172207
763,42.5729931711748,42.5729931711748,45.24489521375153,32.02378491354121,32.02378491354121,33.78231429745499,553.5,553.5,553.5703271841312,401.2631578947369,401.2631578947369,401.3798690164347
764,44.6961893727753,44.6961893727753,45.29382051406078,34.990108343940385,34.990108343940385,33.82651703855616,554.0,554.0,553.4873999303895,402.04999999999995,402.04999999999995,401.31784948797554
765,24.66349107036101,45.35583695905473,44.86968807433233,33.43128742608654,33.43128742608654,33.92998845356665,-100.0,553.75,553.4762791507167,401.20000000000005,401.20000000000005,401.39177423196224
766,46.015484545334154,46.015484545334154,44.62830601172523,34.528946041136976,34.528946041136976,34.020144583228735,553.5,553.5,553.33854855552,401.4,401.4,401.24820195284815
767,45.27157858662617,45.27157858662617,44.345309943996874,34.59143308231388,34.59143308231388,33.84993284578367,554.0,554.0,553.3410965309231,401.75,401.75,401.14352464872815
768,45.30811111920652,45.30811111920652,44.47843539517997,34.38305841339979,34.38305841339979,33.92441437401574,553.0,553.0,553.3092941176501,400.54999999999995,400.54999999999995,401.02482257680623
769,41.488091606500426,41.488091606500426,44.8859343628779,34.256468251378884,34.256468251378884,34.15203439791691,552.5,552.5,553.4691809954782,400.25,400.25,401.103303167423
770,45.437861963615596,45.437861963615596,45.22228558473441,32.68100360820328,32.68100360820328,34.130643542568855,553.5,553.5,553.354693815991,401.75,401.75,400.92642533936873
771,42.944128208141024,42.944128208141024,44.96223526355679,33.554762256247756,33.554762256247756,33.70754028602901,553.5,553.5,553.450447963804,401.35,401.35,400.9104239104571
772,47.25330761423442,47.25330761423442,44.80361801880684,33.98789077174365,33.98789077174365,33.672400012043546,552.5,552.5,553.4903800905008,399.1,399.1,400.94596094308383
773,45.94469367749868,45.94469367749868,44.8700971101418,33.740541845931915,33.740541845931915,33.59331046734695,554.4583333333334,554.4583333333334,553.4520920060362,401.79999999999995,401.79999999999995,400.85097880447944
774,45.40158237494152,45.40158237494152,44.91213756305538,34.342632162702486,34.342632162702486,33.84821642912182,553.96,553.96,553.4122805429895,401.35,401.35,400.8058847344628
775,45.70851996274425,45.70851996274425,44.85474377100864,33.816460177358394,33.816460177358394,33.780511566997404,553.5,553.5,553.4476425339398,400.7368421052631,400.7368421052631,400.9307239819027
776,43.79475296612558,43.79475296612558,44.86361762189389,33.03534798016713,33.03534798016713,33.8701002123931,553.5,553.5,553.3633815987964,400.79999999999995,400.79999999999995,400.8864467730434
777,42.786446818278506,42.786446818278506,44.46325949996075,32.690549350490585,32.690549350490585,33.79775650747596,553.5,553.5,553.0594977375597,401.2105263157895,401.2105263157895,400.65150988330777
778,44.59893651628117,44.59893651628117,44.33136667755697,35.09799536455774,35.09799536455774,33.55099980692254,552.0,552.0,552.9038642533967,400.1,400.1,400.6283400809739
779,44.99130796548548,44.99130796548548,44.07706996435983,34.68770125211295,34.68770125211295,33.48385274450982,552.5,552.5,552.9272503770769,400.25,400.25,400.6957585139341
780,43.14195566876494,43.14195566876494,44.06394433505673,34.0164100158289,34.0164100158289,33.334845270765804,553.0,553.0,552.7572579185551,400.9,400.9,400.447339842822
781,32.3461265707483,43.967566275240074,43.985953179859834,30.982333552491205,30.982333552491205,33.305082263820125,-100.0,552.75,552.8356289592791,400.9,400.9,400.5176089545152
782,44.793176881715205,44.793176881715205,44.228060135496804,33.8124049163579,33.8124049163579,33.467306776433546,552.5,552.5,552.8683257918583,399.75,399.75,400.45475589426275
783,44.942099907136004,44.942099907136004,44.492849659229215,32.193707487602715,32.193707487602715,33.41379063924348,552.5,552.5,552.9047511312248,399.85,399.85,400.3796737318431
784,44.487739489558294,44.487739489558294,44.81118632762009,33.78168575619112,33.78168575619112,33.26380731486557,554.0,554.0,553.0524886877859,401.0526315789474,401.0526315789474,400.31852345796835
785,45.17885843783357,45.17885843783357,44.955214903642954,34.170500568500174,34.170500568500174,33.18244714846769,554.0,554.0,553.1866515837135,400.85,400.85,400.2821505120289
786,43.26370891485874,43.26370891485874,45.06019284873027,33.01626982074692,33.01626982074692,33.94540621205094,552.5,552.5,553.0778280543018,400.0,400.0,400.130033341274
787,45.26180700392775,45.26180700392775,45.52796744749249,34.501237935345806,34.501237935345806,33.675283128847155,553.0,553.0,553.0011312217225,400.25,400.25,400.02680638247426
788,46.89591651098356,46.89591651098356,45.07584250702235,33.580947546967444,33.580947546967444,33.59473136776213,552.5,552.5,552.9257918552066,399.15,399.15,400.0188044772587
789,44.768962221685555,44.768962221685555,44.77587499630886,32.19406902063835,32.19406902063835,33.129059184203705,553.0,553.0,552.7556561086003,400.15,400.15,399.94408192426994
790,46.036532766931536,46.036532766931536,44.19588040918988,33.891062425410134,33.891062425410134,32.607312201801406,553.0,553.0,552.5099547511343,399.79999999999995,399.79999999999995,399.8622767325576
791,43.98275489446202,43.98275489446202,43.87377589420027,34.51449884779283,34.51449884779283,32.091937266951604,552.0,552.0,552.2710407239849,399.6,399.6,399.7364658251987
792,43.09397269265031,43.09397269265031,43.80893513044951,33.3137551757187,33.3137551757187,31.9014731620996,552.0,552.0,552.277375565614,399.95000000000005,399.95000000000005,399.8117194570158
793,43.958592857044266,43.958592857044266,43.61468811910365,24.956620991439024,24.956620991439024,31.805480337407822,552.5,552.5,552.2615384615415,400.20000000000005,400.20000000000005,399.82239819004747
794,39.00099936389162,39.00099936389162,43.17671169099457,33.248222870463785,33.248222870463785,31.668498553068957,552.0,552.0,552.364705882356,399.75,399.75,399.8558823529434
795,44.196059624019576,44.196059624019576,43.15914043220391,31.469673765151224,31.469673765151224,31.950167283294505,552.0,552.0,552.454298642537,399.4,399.4,400.00108597285293
796,42.53257412977667,42.53257412977667,43.49567465167494,31.168785876789286,31.168785876789286,32.11105995465003,552.5,552.5,552.4289592760211,400.54999999999995,400.54999999999995,399.89972850678953
797,46.37002689426712,46.37002689426712,43.8770698585501,34.478569191391436,34.478569191391436,32.278318508568475,553.0,553.0,552.6638009049805,399.75,399.75,399.9889592760203
798,45.541192526252416,45.541192526252416,44.31433354823905,33.99555850081028,33.99555850081028,32.71035266254189,553.0,553.0,552.7190045248899,400.04999999999995,400.04999999999995,399.92384615384833
799,42.80729970848805,42.80729970848805,44.96548696858651,33.03805304111616,33.03805304111616,33.66822819756223,552.5,552.5,552.8343891402745,399.4,399.4,399.86469873779686
800,44.94794659389136,44.94794659389136,44.90708243743474,33.69446401190416,33.69446401190416,34.3564982579572,554.0,554.0,552.8728506787361,400.5,400.5,399.83777089783507
801,46.34833170743312,46.34833170743312,44.8760560776101,34.30920695186905,34.30920695186905,33.85343495553259,552.0,552.0,552.8330316742113,400.0,400.0,399.7919337937626
802,45.125698979812064,45.125698979812064,44.58091562655082,32.90478130261356,32.90478130261356,34.034734999817076,552.5,552.5,552.9914027149352,399.1,399.1,399.8777923315097
803,44.8914237896193,44.8914237896193,44.577068691553905,34.706343652301825,34.706343652301825,33.87007280580942,553.5,553.5,552.6742081447994,400.15,400.15,399.6123862824504
804,43.2636217088346,43.2636217088346,44.20645134146371,34.494593253977776,34.494593253977776,33.56760510207677,551.5,551.5,552.5321266968356,398.95000000000005,398.95000000000005,399.58989759466766
805,44.72102084125377,44.72102084125377,44.22079240110168,34.83908972677334,34.83908972677334,33.6470644212023,553.5,553.5,552.2945701357497,399.95000000000005,399.95000000000005,399.44945939509626
806,40.2136514903746,40.2136514903746,44.34718460707435,31.22076006498284,31.22076006498284,33.52920508572944,552.0,552.0,552.2398190045279,399.57894736842104,399.57894736842104,399.48015003572505
807,45.2480644303249,45.2480644303249,44.13409908250065,32.83563060753215,32.83563060753215,33.42970416020401,552.0,552.0,552.1398190045279,399.36842105263156,399.36842105263156,399.43415098833276
808,46.99193293809537,46.99193293809537,44.03206123976769,33.930274599499825,33.930274599499825,33.41594537376498,553.0,553.0,552.0760180995505,399.8947368421052,399.8947368421052,399.383500833534
809,43.56405157571146,43.56405157571146,43.999032468765854,32.976052606242156,32.976052606242156,33.40729286241774,549.5,549.5,551.8868778280573,397.70000000000005,397.70000000000005,399.355339366518
810,43.534753314677495,43.534753314677495,44.265019611715886,33.95518785525991,33.95518785525991,33.20078876216493,553.0,553.0,551.8488687782836,400.2631578947369,400.2631578947369,399.36262443439136
811,44.426587829716716,44.426587829716716,44.19060256117393,33.796602604323205,33.796602604323205,33.31434694278575,551.5,551.5,551.8651583710438,399.36842105263156,399.36842105263156,399.3995999047414
812,44.47443826422836,44.47443826422836,43.785211858692,32.57890956910908,32.57890956910908,33.36869406297021,553.0,553.0,551.806334841632,400.1578947368421,400.1578947368421,399.36988092403175
813,43.21426589107354,43.21426589107354,43.540910519904294,34.382657020733404,34.382657020733404,33.57371168112577,551.5,551.5,551.9520361990981,398.9473684210526,398.9473684210526,399.45415813289105
814,42.903570785943934,42.903570785943934,42.9090671249739,33.42055082981375,33.42055082981375,33.45915481626965,551.0,551.0,552.0420814479669,398.65,398.65,399.54693736604173
815,42.83219861549758,42.83219861549758,42.97608190554453,32.77478235020474,32.77478235020474,33.503011386665676,552.5,552.5,552.0927601809985,399.95000000000005,399.95000000000005,399.55991188378414
816,44.16525845123096,44.16525845123096,43.08334463373965,33.31776290205075,33.31776290205075,33.56110816130001,552.5,552.5,551.9857761164698,400.1052631578948,400.1052631578948,399.4563681829029
817,40.002931279346534,40.002931279346534,42.81680852106675,34.015606889157965,34.015606889157965,33.379856020743574,551.5,551.5,551.5992130631547,398.9473684210527,398.9473684210527,399.15558228149786
818,42.316675985587054,42.316675985587054,42.83200849118067,32.84318750710911,32.84318750710911,33.4331234507606,552.5,552.5,551.58040527248,399.7368421052631,399.7368421052631,399.1700142891187
819,44.09295055167842,44.09295055167842,42.94618195622574,33.93842807027217,33.93842807027217,33.89186568011132,551.5,551.5,551.5320676765721,399.29999999999995,399.29999999999995,399.14538937842565
820,44.98651103205118,44.98651103205118,43.14306798461142,34.07225919037146,34.07225919037146,33.53381992519464,551.5,551.5,551.71460751525,399.0,399.0,399.3532960228648
821,44.17872805122612,44.17872805122612,43.54538259521442,33.652900313361364,33.652900313361364,33.36706860648577,550.5,550.5,551.6581152862514,398.29999999999995,398.29999999999995,399.29166230055
822,41.07778153250731,41.07778153250731,43.61256896735094,32.532963727230836,32.532963727230836,33.14938175627357,550.0,550.0,551.5684733425173,398.29999999999995,398.29999999999995,399.30516789712055
823,43.24637109392417,43.24637109392417,43.59080587983284,32.94973834066092,32.94973834066092,32.79822721011569,552.9130434782609,552.9130434782609,551.6149124532787,400.20000000000005,400.20000000000005,399.34945939509623
824,45.37821635766623,45.37821635766623,43.952952650357844,34.51909294412795,34.51909294412795,32.70723058360431,552.5,552.5,551.735894156997,400.20000000000005,400.20000000000005,399.4760609668991
825,43.41099455282174,43.41099455282174,43.47262760181644,33.561313235870905,33.561313235870905,32.53379572018056,552.5,552.5,551.6667125713193,399.8421052631579,399.8421052631579,399.4588187663752
826,33.15650873328947,43.93588245307207,43.233150017699714,28.021016187585854,28.021016187585854,32.51855037800536,-100.0,551.75,551.6797658862907,399.8947368421052,399.8947368421052,399.3631769468943
827,44.46077035332239,44.46077035332239,43.5467050303308,32.979393198410236,32.979393198410236,33.32823222873144,551.0,551.0,551.8411174503277,398.52631578947376,398.52631578947376,399.44398190045473
828,41.23390650721955,41.23390650721955,43.66694011650634,33.12874176998984,33.12874176998984,33.00453040261241,552.0,552.0,551.878369073385,400.0,400.0,399.3967801857608
829,43.4668014592922,43.4668014592922,43.952779076569755,33.32308856284309,33.32308856284309,32.88849623862639,551.5,551.5,551.7517017509375,398.5,398.5,399.1335222672087
830,44.45766487555301,44.45766487555301,43.7556354733252,34.58141457818394,34.58141457818394,32.706313817662114,551.5,551.5,551.5841924060625,399.0526315789474,399.0526315789474,398.9638532984066
831,42.180268442134654,42.180268442134654,43.5564776463538,32.952532766388394,32.952532766388394,32.50543409885909,551.0,551.0,551.6624434389171,398.52631578947364,398.52631578947364,398.8869135508477
832,45.84366939724313,45.84366939724313,43.5111558032246,35.483555639886696,35.483555639886696,32.573331614022436,552.0,552.0,551.8070135746638,398.47368421052636,398.47368421052636,398.94908311502957
833,45.634561912073416,45.634561912073416,43.79321403374088,33.85357285683911,33.85357285683911,32.89690905123982,553.0,553.0,551.8208144796411,400.2105263157895,400.2105263157895,398.9712907835221
834,41.546883012231575,41.546883012231575,43.763705787412064,24.402087875863998,24.402087875863998,32.489661809935726,551.0,551.0,551.8122171945731,398.29999999999995,398.29999999999995,399.0562371993354
835,44.40496864300417,44.40496864300417,44.08215383031291,33.995255931929265,33.995255931929265,32.80896847716978,552.0,552.0,551.7986425339398,398.8421052631579,398.8421052631579,399.0940271493235
836,42.522958546644034,42.522958546644034,43.7560188699936,32.86784926579224,32.86784926579224,32.69339723185086,552.5,552.5,551.7271493212701,400.1,400.1,399.12566563467715
837,42.95706647670137,42.95706647670137,43.640825874030824,32.85866434147802,32.85866434147802,32.81701429296804,551.5,551.5,551.7086563053346,398.65,398.65,399.1583519885709
838,44.10865211742679,44.10865211742679,43.60506134515631,34.0641253691867,34.0641253691867,32.6392401817228,551.5,551.5,551.7052134566231,399.5,399.5,399.1797261252701
839,46.062211771197944,46.062211771197944,43.138333432134665,34.87483234088446,34.87483234088446,32.469629300296575,550.5,550.5,551.4965571512917,398.70000000000005,398.70000000000005,399.0132221957631
840,41.35733468076161,41.35733468076161,43.10621179547044,33.15692654513538,33.15692654513538,32.72906342787205,552.0,552.0,551.4636828644532,399.1578947368421,399.1578947368421,398.9511859966681
841,44.440379446045114,44.440379446045114,43.2543170914687,33.904788502188005,33.904788502188005,33.038649529392224,552.0,552.0,551.6507082431666,399.15,399.15,398.99146939747783
842,41.58467194815786,41.58467194815786,43.05538818620048,29.23756632275905,29.23756632275905,32.2836782704629,551.0,551.0,551.680031477477,398.04999999999995,398.04999999999995,398.77693498452237
843,43.55829028608983,43.55829028608983,43.274795852299874,32.35054532554005,32.35054532554005,32.333344227804226,552.5,552.5,551.9235982687419,399.63157894736844,399.63157894736844,398.73847344606077
844,42.61845677847173,42.61845677847173,43.39000981812013,29.239140846186366,29.239140846186366,32.24437003246322,551.8260869565217,551.8260869565217,552.0755262640204,398.2631578947369,398.2631578947369,398.7415122648272
845,42.45752897142423,42.45752897142423,43.5899430768268,33.59170169749949,33.59170169749949,32.42541050140969,551.5,551.5,552.2756344678371,398.36842105263156,398.36842105263156,398.8360180995497
846,44.17077768163947,44.17077768163947,43.51103815690351,33.41750911090902,33.41750911090902,32.43946572988561,553.0,553.0,552.2501672240834,399.57894736842104,399.57894736842104,398.803710407242
847,36.31974493719321,44.47724887841633,43.858826009213416,33.64729995417699,33.64729995417699,32.80645624309335,-100.0,552.75,552.1945996458815,398.1,398.1,398.80268159085716
848,44.783720075193195,44.783720075193195,43.97518223172942,33.972815462842675,33.972815462842675,33.14223651361998,552.5,552.5,552.305764312417,398.7368421052631,398.7368421052631,398.87049297451995
849,45.15445823717522,45.15445823717522,44.40075652634439,33.47828618412358,33.47828618412358,33.71350934534159,552.5,552.5,552.3483671060428,399.75,399.75,398.9117551798069
850,44.27033693549587,44.27033693549587,44.189701155846635,33.133229403247654,33.133229403247654,33.53523040107706,551.0,551.0,552.1285461341758,398.42105263157896,398.42105263157896,398.81636818290286
851,43.40615083478371,43.40615083478371,44.029710392907475,34.125379944449946,34.125379944449946,33.43869453079551,552.5,552.5,552.1071906354546,399.70000000000005,399.70000000000005,398.9080971659941
852,41.6550488742266,41.6550488742266,43.869388207525745,31.230413018864915,31.230413018864915,33.44223508198518,551.0,551.0,551.9016722408057,397.45000000000005,397.45000000000005,398.6699071207453
853,45.3622894712991,45.3622894712991,43.7013476331512,34.32514929713612,34.32514929713612,33.13472593115455,553.0,553.0,551.5807102105088,399.4,399.4,398.4691497975731
854,45.15883670411919,45.15883670411919,43.79933609066514,33.38136003374983,33.38136003374983,32.974462662525006,552.0,552.0,551.5528428093676,398.57894736842104,398.57894736842104,398.5231412241032
855,43.01664559772544,43.01664559772544,43.992755881128524,32.98316827762807,32.98316827762807,32.87250565310265,551.0,551.0,551.6334546527672,398.15,398.15,398.45752798285525
856,41.695107047762995,41.695107047762995,44.19026153049143,31.63095260074136,31.63095260074136,32.895663424462256,551.0,551.0,551.6395140664993,398.31578947368416,398.31578947368416,398.3621243153154
857,44.16970110659129,44.16970110659129,44.30674089455819,33.32204397167999,33.32204397167999,32.78270766091523,551.9130434782609,551.9130434782609,551.9472276870646,398.1578947368421,398.1578947368421,398.5784305787114
858,45.676998781634666,45.676998781634666,44.037628903975076,35.11230693923711,35.11230693923711,32.50273141099603,551.0,551.0,551.8490163289426,397.45000000000005,397.45000000000005,398.5677089783304
859,28.882575504483867,45.27296436436837,43.70978788373088,28.79406362342612,28.79406362342612,32.5516227069444,-100.0,552.0,551.9014410781066,399.4,399.4,398.70887115980213
860,44.868929947102075,44.868929947102075,43.243951455820614,33.93105427736406,33.93105427736406,32.30633117349819,553.0,553.0,551.8103842874973,399.45000000000005,399.45000000000005,398.5488783043604
861,38.4227937527428,43.410689510439234,43.259629998792356,32.77718519452357,32.77718519452357,32.39162680644426,-100.0,552.25,551.6572939209159,398.6,398.6,398.3648344844032
862,41.95244907377639,41.95244907377639,43.431199809012526,32.4808335749285,32.4808335749285,32.545920008704556,551.5,551.5,551.6589120598103,398.25,398.25,398.25084305787317
863,41.00449137916627,41.00449137916627,43.55551740432797,31.51134173781629,31.51134173781629,32.830667919874124,552.5416666666666,552.5416666666666,551.397365401013,399.0,399.0,397.9794117647081
864,41.256053743984104,41.256053743984104,43.247123265882905,32.33040052868897,32.33040052868897,32.85635431660526,549.5,549.5,551.2459194045541,396.95000000000005,396.95000000000005,397.9485282210072
865,44.45899416184759,44.45899416184759,43.33813701803434,34.339716287578035,34.339716287578035,33.11907309373945,551.0,551.0,551.2023755656139,397.29999999999995,397.29999999999995,397.76866158609414
866,45.275935580809495,45.275935580809495,43.58929576296213,33.39250639468174,33.39250639468174,33.92474205709475,550.5,550.5,550.7976998491735,396.6,396.6,397.26122648249805
867,45.19095421192145,45.19095421192145,43.89789004506505,33.78428337828346,33.78428337828346,33.552319028386854,549.5,549.5,550.3501885369562,396.35,396.35,396.9537866158631
868,44.81753873965353,44.81753873965353,44.43242518165687,34.33985261320034,34.33985261320034,33.64559836783457,552.0,552.0,550.2856334841659,398.15,398.15,396.90083353179546
869,44.66159120919698,44.66159120919698,44.783961570328195,34.18757540229822,34.18757540229822,33.663707461993226,550.0,550.0,550.1535822021146,396.9473684210526,396.9473684210526,396.7547725648986
870,43.298772069843,43.298772069843,44.89516742141926,33.07759485936832,33.07759485936832,33.537409674424325,551.2916666666666,551.2916666666666,549.9619532428387,398.0,398.0,396.53506311026655
871,45.5999987807119,45.5999987807119,44.914520031217904,34.15213455587309,34.15213455587309,33.43941917440772,549.5,549.5,550.0613122171976,395.20000000000005,395.20000000000005,396.5676542033839
872,44.00050496554204,44.00050496554204,44.60861532762761,33.578016642601916,33.578016642601916,33.05174275831144,548.0,548.0,549.677036199098,395.15,395.15,396.2546463443699
873,35.82410217666065,44.756314163923825,44.653796720988396,29.905787978939927,29.905787978939927,32.95424484326254,-100.0,549.5,549.6924208144826,396.7368421052631,396.7368421052631,396.1888544891663
874,45.51212336230561,45.51212336230561,44.88543695025206,33.56776326455889,33.56776326455889,33.003127702862436,551.0,551.0,549.604185520365,397.0,397.0,395.90821386044513
875,44.18835747059179,44.18835747059179,45.1344796693537,33.24641714830747,33.24641714830747,32.808227347971794,549.0,549.0,549.4123303167452,395.20000000000005,395.20000000000005,395.69114789235755
876,36.92613615019654,45.01594339024111,45.07546018682318,32.9658711570086,32.9658711570086,32.73339207113362,-100.0,549.5,549.6951357466094,395.42105263157896,395.42105263157896,395.81868540128823
877,45.843529309890435,45.843529309890435,44.97230238154259,33.944795229245685,33.944795229245685,32.76402439236983,550.0,550.0,549.6729638009081,396.15,396.15,395.7982448201975
878,44.46337107567888,44.46337107567888,44.792417650025044,31.625177084439127,31.625177084439127,32.85890861042927,549.0,549.0,550.0703619909532,395.0526315789474,395.0526315789474,396.2378185282233
879,46.06065613803612,46.06065613803612,44.85947339578978,34.14157347790038,34.14157347790038,33.19570332769774,551.4583333333333,551.4583333333333,550.2520739064887,397.1052631578948,397.1052631578948,396.2875375089329
880,45.02741436434073,45.02741436434073,44.84992774993702,33.75292557025957,33.75292557025957,33.623869736996184,549.5,549.5,550.2545248868809,395.45000000000005,395.45000000000005,396.3387139795211
881,43.65953762800419,43.65953762800419,44.877258122457036,31.2356373929277,31.2356373929277,33.98836747748624,550.5,550.5,550.3290723981931,397.2631578947369,397.2631578947369,396.47377947130497
882,42.59495456584207,42.59495456584207,44.447716829218734,33.81742017525692,33.81742017525692,33.78778501836344,551.0,551.0,550.2709653092036,397.0,397.0,396.438771135987
883,44.80281676508312,44.80281676508312,43.98191563286237,34.42091405587199,34.42091405587199,33.49768473734511,549.5,549.5,550.1435520362021,396.20000000000005,396.20000000000005,396.3229054536817
884,45.4641075951076,45.4641075951076,43.600939825413,34.946828813456904,34.946828813456904,33.231249655063245,551.5,551.5,550.1052036199126,397.70000000000005,397.70000000000005,396.2481876637317
885,44.60276553154465,44.60276553154465,43.793303745235725,34.43998744247665,34.43998744247665,33.2092850197046,549.5,549.5,550.0762820512851,395.20000000000005,395.20000000000005,396.21284591569645
886,44.037506921309486,44.037506921309486,43.62157944229066,33.97203416922487,33.97203416922487,32.87988685331009,550.0,550.0,550.0138009049804,396.15,396.15,396.2442057632791
887,35.36206080545142,42.273864346867626,43.80904325231422,33.00915465555803,33.00915465555803,32.84588564287221,-100.0,549.25,550.110633484166,395.04999999999995,395.04999999999995,396.2232841152677
888,40.510221772425766,40.510221772425766,44.13366231726771,26.760665741463626,26.760665741463626,32.85399006969353,548.5,548.5,550.064705882356,394.9,394.9,396.15639437961636
889,45.316638322026975,45.316638322026975,44.22407425767212,32.86589926098444,32.86589926098444,32.58381535202077,551.5,551.5,550.2097285067904,397.36842105263156,397.36842105263156,396.2278042391067
890,45.45857788444069,45.45857788444069,44.35177139806297,33.902090454317836,33.902090454317836,32.717959163843425,551.0,551.0,550.339819004528,397.1052631578948,397.1052631578948,396.30476303882097
891,46.805881557301745,46.805881557301745,44.634034724160735,34.01817689175971,34.01817689175971,32.861874806194244,550.5,550.5,550.4210407239849,396.85,396.85,396.4027697070753
892,43.09432617726841,43.09432617726841,44.802597617475875,33.18364277263543,33.18364277263543,32.97589972431201,551.0,551.0,550.6226244343922,397.4,397.4,396.6002572040984
893,45.91183940045015,45.91183940045015,44.88334451475565,33.933951057186405,33.933951057186405,33.28630725689756,550.0,550.0,550.8106334841659,395.04999999999995,395.04999999999995,396.73894022386503
894,45.519678448136204,45.519678448136204,45.25955190297219,33.82524084150174,33.82524084150174,33.72383025047571,551.0,551.0,550.958371040727,397.25,397.25,396.90931650393173
895,44.341232718501054,44.341232718501054,45.210989432736994,33.96210650773124,33.96210650773124,34.206465266743116,551.0,551.0,550.7651583710438,396.1578947368421,396.1578947368421,396.6901643248415
896,45.728704088209675,45.728704088209675,44.78755285046443,34.1934304443972,34.1934304443972,33.75875069297846,550.0,550.0,550.4515837104103,396.52631578947376,396.52631578947376,396.4280447725671
897,43.61851964301836,43.61851964301836,44.66293866736832,32.17939769523143,32.17939769523143,33.640672276536186,551.0,551.0,550.3429864253424,396.8947368421052,396.8947368421052,396.32211478923773
898,43.081994453599904,43.081994453599904,44.53263551139642,32.630203121502596,32.630203121502596,33.56705924566595,550.0,550.0,550.1809954751161,396.1052631578948,396.1052631578948,396.1831293165062
899,45.13992686408299,45.13992686408299,44.58957029965772,34.73404796505165,34.73404796505165,33.49253375687489,551.0,551.0,549.9497737556592,397.20000000000005,397.20000000000005,396.0133722314859
900,46.50065946717796,46.50065946717796,44.253320809913646,34.162457573141836,34.162457573141836,33.306092708913916,549.0,549.0,549.7674208144826,395.25,395.25,395.92375803763025
901,43.24928439544622,43.24928439544622,44.170996900122255,33.64705948916929,33.64705948916929,33.17572300051875,548.5,548.5,549.4782805429895,394.5,394.5,395.5717980471563
902,44.281710460403765,44.281710460403765,44.1099144303504,32.41869319430519,32.41869319430519,33.045389399043,550.0,550.0,549.3004524886908,396.1,396.1,395.4284424863084
903,43.64677115184172,43.64677115184172,43.951535328751255,32.61017334513759,32.61017334513759,32.95271228341896,549.0,549.0,549.181447963804,395.0,395.0,395.20754465349114
